3.244678552669933 -0.006749418435716932 0.0 7.742775944574982e-05 0.037222198156429076 0.0
-2.927112812583101 -1.0115494636097215 0.0 0.012621732958147197 -0.036523410458798256 0.0
-2.9340752163663066 -0.34459677676311085 0.0 0.004558855345226924 -0.038816452693127126 0.0
6.116708361314877 -2.630051687348035 0.0 0.01047335640281357 0.024357873644953613 0.0
-0.15600001864683327 -1.5571366917862506 0.0 0.05838530638217431 -0.0058492673972456504 0.0
-8.08819256278018 -1.3132844359475704 0.0 0.003767392834119176 -0.023202436477523715 0.0
0.3330619986227397 -0.15276466340206907 0.0 0.04721830775362285 0.10294673913307777 0.0
-1.3132039230220982 4.771420055871759 0.0 -0.03169526869485072 -0.008723262824051 0.0
-2.6943944913321523 4.570415427254085 0.0 -0.0270080586434065 -0.01592204594716476 0.0
3.8738900470056032 -0.265058323229083 0.0 0.002324192174775737 0.03396861801396971 0.0
2.520027355863275 2.2968368235515766 0.0 -0.02573991250759013 0.0282411371114966 0.0
4.740411890030103 -2.3737164159678703 0.0 0.013373057187561457 0.026706559752261043 0.0
-1.416875759005409 1.766877727624027 0.0 -0.037059945673236935 -0.029718716713395713 0.0
1.8527203631049483 -0.8587601614374887 0.0 0.02018301205417961 0.04354356326797672 0.0
6.707868031015212 0.8214065344265208 0.0 -0.003141356889922952 0.02565332338223385 0.0
0.1153126066352229 -0.12772328229886382 0.0 0.12732025123718071 0.11494873748434334 0.0
-2.8976127344848535 -0.8279141736083652 0.0 0.010719509071172787 -0.03751715694959125 0.0
2.313973649690495 2.2449682269898794 0.0 -0.027438811549636948 0.02828222071980769 0.0
0.1642949879938114 0.5971023886965169 0.0 -0.08959964072048862 0.024653681135924022 0.0
-1.5414694393579864 1.3836541134992433 0.0 -0.03272571894959512 -0.0364583136418703 0.0
-1.3380274744889242 -4.7012168411536575 0.0 0.03180545398520057 -0.00905224598411598 0.0
-3.3931032370548824 -1.625664324546875 0.0 0.01529474389683928 -0.03192334619310541 0.0
-0.31508311708057835 -4.6687966495193365 0.0 0.03386715378648987 -0.002285592880296712 0.0
-2.5451448828145873 -0.3948135613130925 0.0 0.006425153626868835 -0.0414194153319741 0.0
-0.16418698829410908 -0.9089355043044994 0.0 0.07506242736053187 -0.013559019120725583 0.0
-2.299980022666446 -0.02222626186700591 0.0 0.0004272131558249153 -0.04420814123836993 0.0
-1.8777161268532803 2.2716366800807113 0.0 -0.03205983356406666 -0.0265003937625013 0.0
-3.3255658208555468 -0.6901541947059237 0.0 0.007434756027150143 -0.035824994935842666 0.0
6.247793098160855 2.584088041684768 0.0 -0.010044274096153414 0.024284987725522147 0.0
-6.317321174225491 -3.064095012290504 0.0 0.011313285256507662 -0.023324882620909062 0.0
-0.2389113401531534 0.5449540889792078 0.0 -0.08631766680453623 -0.03784221436670775 0.0
-3.5829987733549857 -0.48341741152303147 0.0 0.004726573326577087 -0.035032470961156616 0.0
2.8985512707490613 0.004856734396145651 0.0 -6.598741740289375e-05 0.039381999707127975 0.0
-8.052505728676186 3.8053383026336416 0.0 -0.00982537982805958 -0.020791562026722218 0.0
4.560667595318637 1.2480935562734108 0.0 -0.00821608627325095 0.030022459645284324 0.0
5.558463163757611 -5.5547568288994595 0.0 0.017864576453019154 0.01787649634518967 0.0
0.49722020200439443 -0.3202072883906147 0.0 0.048908958242024826 0.07594618541992205 0.0
0.21670049534769165 -2.5937983179548656 0.0 0.045348705791502276 0.0037886858590237844 0.0
0.28290003104949585 0.2308223210851432 0.0 -0.07345225023068232 0.09002441260111235 0.0
3.4304513567878407 -1.3377775048937817 0.0 0.012916424425949851 0.03312147613093957 0.0
-4.572772258476225 3.5222419250456243 0.0 -0.017785587997467604 -0.023090249087434303 0.0
-0.7565250713364874 1.5388839864806683 0.0 -0.049710510576881785 -0.02443800045405251 0.0
0.610923838050276 0.24096533869488415 0.0 -0.030896651208936848 0.07833284588438254 0.0
0.945416359483715 -1.1293586379640863 0.0 0.04509477324007735 0.03775004229412316 0.0
3.605330273899083 3.1008051267917183 0.0 -0.021043373426492193 0.024467294195296224 0.0
1.4849341507108487 -2.758032758122572 0.0 0.03601139333041234 0.019388655777754785 0.0
-4.217572246939973 5.628495273166347 0.0 -0.021626303557798977 -0.016205130014786545 0.0
3.115194135926262 1.7731437654215 0.0 -0.018057081253091606 0.031724056857963416 0.0
5.670733329750174 -0.4909655562024678 0.0 0.002426616910202593 0.028027826427698514 0.0
-3.912907616511019 4.8208180143635415 0.0 -0.022265921404049503 -0.01807255390909907 0.0
6.193615033375044 0.5434778701189863 0.0 -0.0023529941711292646 0.026815333011736817 0.0
-6.097400403032881 3.9985856530636616 0.0 -0.014118932800315946 -0.021529809291713074 0.0
-7.943276126578773 -0.4736336385588499 0.0 0.0014154416818097932 -0.023738271956136082 0.0
-1.4917161077868786 1.582921884721951 0.0 -0.035049866108731884 -0.0330303411398932 0.0
-5.094082769394451 0.5575928553394935 0.0 -0.003228093734262429 -0.029491369037869575 0.0
2.0107761482363613 -3.953254003609903 0.0 0.030676739570920566 0.015603362743334731 0.0
-5.957356080709779 -1.9102257349200127 0.0 0.008287570217294093 -0.025846163584626606 0.0
-0.2976578491787325 -0.40409123407458414 0.0 0.0815018064092008 -0.06003508701568735 0.0
1.249977247575666 1.2408035387818181 0.0 -0.037597276052871276 0.03787524629648419 0.0
-6.825358987854293 5.732208487931332 0.0 -0.015143438581885686 -0.01803134077371875 0.0
-1.5824930403013548 2.672186825906428 0.0 -0.03525486015378789 -0.020878244847735247 0.0
4.244214703223943 -4.177936983015414 0.0 0.020352113958061763 0.020674974671387066 0.0
4.456220683331258 6.1059872841260265 0.0 -0.02107569982875137 0.015381291365726413 0.0
0.21819190735865107 3.7538429572668 0.0 -0.037805513450291026 0.00219744330870948 0.0
-0.5662862633571311 -6.228583004819974 0.0 0.029234081932646587 -0.002657885269812366 0.0
5.530139951947438 -3.8845114256675455 0.0 0.015418474660476453 0.02195033387070993 0.0
0.23959043489028986 0.1115188068062295 0.0 -0.056305526828019495 0.12096852581011028 0.0
1.6112594393963107 -4.950588425710067 0.0 0.030428322869233644 0.009903453535630814 0.0
-0.7984468519640319 0.1259707680582331 0.0 -0.011661238950755378 -0.0739130170733483 0.0
0.4587177435942151 0.31220737661493386 0.0 -0.05259868062878534 0.07728180017933325 0.0
-3.706267705373709 1.518308063753638 0.0 -0.012940035072009878 -0.03158728800743252 0.0
6.48115138478265 -4.981246116900152 0.0 0.014923371645639599 0.019416954821528238 0.0
1.2286964909954943 -0.6891466953682436 0.0 0.028466871856379604 0.05075428177285545 0.0
-4.793484022640546 -5.2050904680772225 0.0 0.019660463102851928 -0.018105759417481947 0.0
1.0912764065232687 1.4241980123966158 0.0 -0.04243649166327095 0.03251650523638872 0.0
-3.4490317165628066 -0.16865563358598928 0.0 0.0017628349133017572 -0.036050224933293275 0.0
-0.04250923915397619 -2.8514996564286683 0.0 0.04348753509827966 -0.0006482981772563114 0.0
8.379796501530217 1.4716747091840292 0.0 -0.003992577215695297 0.022733953621261148 0.0
-0.9770004946732394 5.565240633327432 0.0 -0.030378332582013327 -0.00533303911105635 0.0
3.5938836144078663 -1.5114872352580782 0.0 0.013423506763873504 0.03191725333912 0.0
5.569971950531791 2.0796675212191675 0.0 -0.009774353841472891 0.026178644507397274 0.0
-4.535014190782415 2.9456863094794516 0.0 -0.016278407668370003 -0.025061327657949054 0.0
-6.731450624726791 -0.23999411938465362 0.0 0.0009206410083391562 -0.025822505595651683 0.0
3.0355335085186286 -1.7295824852901593 0.0 0.018305167354296256 0.03212679901397457 0.0
-7.807363431590718 4.654596120811179 0.0 -0.011760693926031364 -0.019726740904047853 0.0
6.738701555430783 5.292892090703384 0.0 -0.01478898130478782 0.01882874799145331 0.0
1.6680699123137237 -2.743846437483854 0.0 0.03440598377404456 0.020916471692077204 0.0
5.808879560885146 2.5595321528287522 0.0 -0.010957713297179232 0.024868621687630155 0.0
-1.479292377671435 -5.840448371142711 0.0 0.028900189880737476 -0.007319956942872093 0.0
1.9569251880399658 -0.7771231246056111 0.0 0.01736005162399774 0.0437154952838602 0.0
8.105770889409136 -1.0095983156123762 0.0 0.0029057409994724982 0.02332934835712404 0.0
6.782735617563346 -3.0399800149488385 0.0 0.010277125653988218 0.02293009357847802 0.0
1.2619699226618977 5.475824899951247 0.0 -0.030099703736588664 0.00693683992651902 0.0
-2.861279786229034 -1.8930516806367763 0.0 0.020718523639477338 -0.03131530612529504 0.0
0.8320412242803773 0.630834926561315 0.0 -0.04137181174303707 0.0545674493341929 0.0
-7.776638396193327 3.2609051242523437 0.0 -0.009103519793757777 -0.021710162936701336 0.0
-1.2640872900151834 2.3628705881336582 0.0 -0.03899567440175048 -0.020861885802962502 0.0
-4.204195441313918 -4.41887959472642 0.0 0.020827926528312384 -0.019816035238175215 0.0
-3.5738145418676663 4.86386469917686 0.0 -0.023524867532336454 -0.017285331497153448 0.0
0.04808152932793465 0.16267325993041495 0.0 -0.17017278737647645 0.05029817359385582 0.0
5.80521941264317 3.6123587930283874 0.0 -0.014015330760058968 0.022523252773210867 0.0
6.311789917143055 4.99252444393608 0.0 -0.015331539563047654 0.019382870913303225 0.0
-0.26557273326021213 -0.060798725470717005 0.0 0.02886210551388189 -0.12607152846745126 0.0
-4.156926811547415 -4.790968250273773 0.0 0.021374417290018103 -0.018545705935121067 0.0
-0.3854388379469394 -1.3225619345587531 0.0 0.05978953133790731 -0.0174246716755565 0.0
7.052060046494014 -4.369024270531318 0.0 0.012681326265785385 0.0204689808886378 0.0
6.010017695294467 2.9597079869768748 0.0 -0.01173132623454649 0.023821768420780185 0.0
2.5505467289616486 -1.8829931896407306 0.0 0.02331329542358496 0.031578260458438666 0.0
7.760011427265324 -3.631076150790434 0.0 0.009933718400413178 0.021229455153580733 0.0
0.45793842938474705 -0.07963344378502822 0.0 0.016917403105153682 0.09728486724944635 0.0
-3.9660577751096806 0.6594308017657531 0.0 -0.005504980081306827 -0.03310896153899486 0.0
-2.340440692923368 6.596306854494219 0.0 -0.02598252831128411 -0.009218880792868383 0.0
3.724698519186059 -5.3693492329555434 0.0 0.023097338626256327 0.016022541884652304 0.0
-3.0155210998911555 -0.6095420642249669 0.0 0.0076146690680222355 -0.03767122335110049 0.0
5.522400320166056 6.424404277008357 0.0 -0.018575895329807204 0.015967788746393836 0.0
1.76743415112791 -5.160506651598771 0.0 0.02955776730095137 0.010123309761185643 0.0
2.3628314534280612 -3.005793326583406 0.0 0.028765459795523488 0.022612310891793854 0.0
-1.0842793744685355 2.263488861155068 0.0 -0.04131592883378855 -0.019791574962125576 0.0
-0.8850896290371311 0.397428576335438 0.0 -0.028491177029678915 -0.06345101185362641 0.0
2.6987014597250374 -0.07189993764524892 0.0 0.0010869196257909065 0.0407965803141352 0.0
4.124710593743721 -0.6630624741444303 0.0 0.005224683021335781 0.032501168814995395 0.0
-3.547784503527208 -1.2006787073654777 0.0 0.011258856387323638 -0.03326784757100425 0.0
0.9438185193854343 -3.4865278217093305 0.0 0.037147343821684616 0.010055950457809654 0.0
-1.365563539091146 -0.17133231098020066 0.0 0.007130356243020777 -0.05683081288342228 0.0
-1.8281812397801556 -4.315935517165988 0.0 0.0309395557338981 -0.01310564421893555 0.0
9.069400223960326 -2.4349602159501478 0.0 0.005725311013528811 0.02132483999048788 0.0
7.682270500056537 2.376232349551712 0.0 -0.007069136375791929 0.022854254067733826 0.0
0.9347646842957213 -0.8846292177444892 0.0 0.04282265039590085 0.045249580813180944 0.0
-7.019926279084459 -4.7579509971227 0.0 0.013413697174039818 -0.019790696740816967 0.0
0.6659787118469407 4.593317946567286 0.0 -0.03369767774140883 0.004885778923975481 0.0
-0.27708711948193526 0.031241321859827118 0.0 -0.014250843565753917 -0.12639430596245183 0.0
-1.9671612801379803 -4.1374460054893145 0.0 0.03062762827869556 -0.014561998965635703 0.0
2.0536500799031665 -7.820616023058025 0.0 0.02488409064645096 0.006534423195529708 0.0
-0.845964523860545 -3.133537207421364 0.0 0.039195539288459126 -0.010581663320635936 0.0
-0.5532287562381667 0.42121809523911835 0.0 -0.05084326438712516 -0.06677765328198866 0.0
3.440170570303378 2.5672542689954763 0.0 -0.020184791174753535 0.027048012113843653 0.0
0.21503456775939636 -0.5943026178219102 0.0 0.08625128110475774 0.03120801826353994 0.0
8.524885687372286 3.776403538443191 0.0 -0.009083426424095974 0.020505004596780292 0.0
2.8090627064133575 -2.1516088465241276 0.0 0.02263007439105798 0.029545006806407037 0.0
-0.07527116018741656 0.005588394225180925 0.0 -0.018083246831974133 -0.24356674102640827 0.0
4.921963787286618 -5.740667726868684 0.0 0.01968528952309616 0.016877876718320698 0.0
-1.5753391382219808 -7.0471714436630055 0.0 0.026596790976840232 -0.0059455011293364024 0.0
0.0046110672608434 -0.40819661655309303 0.0 0.11494763448343626 0.0012984705227438527 0.0
-0.9193376999215475 6.012339852130119 0.0 -0.029398826175493324 -0.004495329589027777 0.0
4.9292245644315145 -2.1432106207168697 0.0 0.011770758263119222 0.02707186601807035 0.0
6.358601612917695 -0.32297151157162957 0.0 0.00134843020838118 0.026547637146683505 0.0
-3.383097869381328 -5.126980349676018 0.0 0.02423944557128164 -0.015994681288834973 0.0
-0.8701606558022724 0.12456831712810666 0.0 -0.010162545925109095 -0.0709895407651643 0.0
0.9204751112968786 0.22866381719218812 0.0 -0.01673019632594667 0.06734659428955993 0.0
0.42654945763052854 0.3059328835729556 0.0 -0.056148037902753835 0.07828486704250179 0.0
1.4347454853625685 -0.35247893163317723 0.0 0.01326294406917255 0.05398606106099098 0.0
-6.468200763455973 3.610706530422292 0.0 -0.012367049830268163 -0.022154268279588767 0.0
-3.9012808492174846 -2.409372722298172 0.0 0.017016046983117487 -0.027552556568043444 0.0
2.028930509782352 -1.4368603849615398 0.0 0.025568995324825115 0.0361049098868493 0.0
7.955007459133639 3.439935455485791 0.0 -0.009225413990689074 0.02133419014955426 0.0
-0.37261909346834216 -0.9086986904761883 0.0 0.06795285328270002 -0.027864605566360116 0.0
1.0339565979552539 -0.6233833716718093 0.0 0.032552077152650356 0.053991550751294075 0.0
-0.9108347843845671 -3.5321070965382857 0.0 0.037096554615548935 -0.00956619700398645 0.0
0.11836121273679377 1.026063658942535 0.0 -0.0717369831881698 0.008275194481579724 0.0
5.386933800700076 -6.626063445003501 0.0 0.018972495552067876 0.015424479167964304 0.0
1.7213977360469888 -2.4440249965447487 0.0 0.03396228301078373 0.023920621584640905 0.0
7.8100766985795875 0.8247525801790709 0.0 -0.0025164420261854768 0.023829698389995203 0.0
0.961959759737371 -5.475325228565125 0.0 0.03062560416122058 0.005380611669794834 0.0
4.105273777052249 5.3651225629155945 0.0 -0.021882174297938248 0.016743758465304206 0.0
2.717593811409432 -4.7528004333857234 0.0 0.026814703881134615 0.015332323404590523 0.0
-2.750259304797213 1.1225084724608811 0.0 -0.014976407543623092 -0.03669371341936129 0.0
4.496806693799586 -0.7794666410052105 0.0 0.0053819602432776965 0.03104896806940147 0.0
2.802457653579107 -7.61773700838977 0.0 0.024015314774791265 0.008834894486328742 0.0
-0.9216695211106266 -1.1153173388807203 0.0 0.04576205141567335 -0.0378165805757587 0.0
0.5959656816134509 0.4489813368205942 0.0 -0.04872868357882128 0.06468113647846918 0.0
3.537296962873451 2.382588753797052 0.0 -0.018828856836446327 0.027954156165556156 0.0
7.435912341147401 -4.62852078375468 0.0 0.012385974646796843 0.019898586618972175 0.0
6.23617783839617 -4.139119392389075 0.0 0.014060238239569913 0.021183768284965238 0.0
2.5452820916259595 -3.133102971647312 0.0 0.02760394436649583 0.022424997164181986 0.0
9.278394907076585 0.6827072174947977 0.0 -0.0016142967666436547 0.02193924791523215 0.0
0.12672812814068635 3.890026586354577 0.0 -0.037207474888520865 0.0012121340409353301 0.0
9.891478560019229 0.006666790072644651 0.0 -1.4368579652629954e-05 0.02131858000975536 0.0
-6.749861704139655 5.655163973589737 0.0 -0.015212281180186143 -0.018156996799787578 0.0
0.23790227849980403 -2.2697083693539324 0.0 0.048322723814925 0.005065005819298158 0.0
8.89181987961006 2.1401288252161943 0.0 -0.005226908886284611 0.021716791903534566 0.0
1.4500131191122452 -2.8985215607712176 0.0 0.03602086311332388 0.018019781112881838 0.0
3.8267135035519204 -0.427555291683041 0.0 0.0038005744349155286 0.03401597359278419 0.0
-0.01832139755815584 -0.05831887623246193 0.0 0.2818411986259721 -0.08854293809967699 0.0
-6.888003909944861 3.448123691198167 0.0 -0.011091781743158412 -0.022157046224923076 0.0
-5.7816192477186625 0.38301114869440495 0.0 -0.0018423242057698083 -0.02781020115191316 0.0
-1.5607992262938575 -2.3807790264508446 0.0 0.035683047235474476 -0.02339321369105048 0.0
-4.388700481924135 1.7231979276906797 0.0 -0.011484417336465316 -0.029248913946123608 0.0
-0.4289288378308957 -0.0786929861009864 0.0 0.018404209635610437 -0.10031511880954797 0.0
0.13384754339137656 -0.16307105846564354 0.0 0.12020276038948537 0.09866155489745927 0.0
-5.008534229503544 -3.495857333889215 0.0 0.01614488078576019 -0.023130860422376876 0.0
0.8699645192542221 -4.271199990073849 0.0 0.034388460144497965 0.0070042939377755265 0.0
-0.4725738520351947 0.14415345319091333 0.0 -0.02815089081734353 -0.09228620346788056 0.0
2.199616411139814 -0.0896678355023328 0.0 0.001841050298622786 0.04516228620773589 0.0
2.4799360366095957 -7.679324632682316 0.0 0.02446054097352082 0.007899207278858282 0.0
-1.0855894875421235 -1.9275096819807798 0.0 0.04235655445258941 -0.02385556382522757 0.0
-0.051090311551843896 -0.46845010574657026 0.0 0.10628916462437893 -0.011592155639692694 0.0
-4.2372763206506825 7.112828982081154 0.0 -0.021555335618936074 -0.012841010719067215 0.0
-7.719366491392608 -3.818449732872028 0.0 0.010385522115910987 -0.020995340262573242 0.0
6.3486941103248204 0.194715147978364 0.0 -0.0008156676777650613 0.026594872743977652 0.0
3.117349303710928 -0.20217722359124218 0.0 0.002456580784312758 0.037877760221744126 0.0
7.211704222646211 2.1084602418119007 0.0 -0.006937256399199828 0.02372795098317631 0.0
6.13054153208554 4.646990069123037 0.0 -0.015239782498870647 0.020105082679229454 0.0
4.9551835280909975 0.929222108722089 0.0 -0.0055296465201041325 0.029487474625703933 0.0
-0.10904055602834646 2.592844813303555 0.0 -0.04554804899643664 -0.0019154962777158547 0.0
5.365892714825959 -3.9592084174247346 0.0 0.016068330890147264 0.021777317729319363 0.0
0.7000494570385893 -0.07838200199041759 0.0 0.008904410875264088 0.07952754255038294 0.0
-7.906578217150247 2.451494019280234 0.0 -0.006983034877509122 -0.022521740219592475 0.0
-3.3267649781045727 2.1817849600254293 0.0 -0.01911524352931925 -0.029146741721300596 0.0
1.2334538655764276 -1.4241647774321806 0.0 0.039252154860647405 0.0339958710623116 0.0
0.0521077234933828 2.404802197694753 0.0 -0.047345076205177375 0.0010258823540819416 0.0
4.986625804363992 -0.5586099542358794 0.0 0.00333792958229705 0.02979718793411234 0.0
-5.051726489390625 -5.205791578692216 0.0 0.018902221895984582 -0.018342811773550342 0.0
-5.335889526564041 -0.5792762624920917 0.0 0.003128634575186956 -0.028818802949679166 0.0
4.542219456104578 6.321506140721164 0.0 -0.020891687958421685 0.015011395924197113 0.0
5.113232805060118 -0.7441606425156524 0.0 0.004260273802686221 0.029272942590450438 0.0
-0.5772376806202454 3.153703959302869 0.0 -0.040270027740193504 -0.007370817841887945 0.0
-3.8182607589589983 -6.082887006709668 0.0 0.022782142539961997 -0.014300472911858457 0.0
-0.9577071128507555 1.834344235590988 0.0 -0.04463904306922546 -0.023305946740402792 0.0
-2.179837092609347 -2.6436207191277745 0.0 0.02976601315416966 -0.02454401234756727 0.0
-1.7391720439789369 -3.14713000466015 0.0 0.03338927574042727 -0.018451635251949504 0.0
-5.210547113126229 6.794701249205823 0.0 -0.019419285525605567 -0.014891766160615928 0.0
0.6377619977118859 0.8266428419019585 0.0 -0.05547511076544646 0.042799520750287236 0.0
0.01808466094714628 1.82778569748006 0.0 -0.05432285044635066 0.0005374866065311813 0.0
-8.889500107816517 0.38965891974864875 0.0 -0.0009845762871046083 -0.022461672418575124 0.0
2.4368278533509717 -0.7243026217173056 0.0 0.012112622859809907 0.04075144266624053 0.0
1.2462325480886416 -4.226243570093312 0.0 0.033396642118635245 0.009847984791892224 0.0
-0.4375810581445005 0.9863048646280715 0.0 -0.06396120499661354 -0.028376836378242554 0.0
-7.595398190981249 -3.2234184812803486 0.0 0.009300948135863556 -0.021915989207050884 0.0
1.8440720633301566 3.959343136437662 0.0 -0.031498025672451496 0.014670269080260702 0.0
1.3294621342033364 3.779338447960664 0.0 -0.03437902535495317 0.012093548394664009 0.0
-0.4793852575703916 -2.4274840146683174 0.0 0.04570351827844524 -0.009025638376769791 0.0
-5.341837779279594 2.6327355084696027 0.0 -0.01245072978105868 -0.02526261316797548 0.0
1.0122383898794638 -0.12208123766199665 0.0 0.007966703171555988 0.06605603731959708 0.0
1.3046538761909632 -3.3356059913839102 0.0 0.03584337428368844 0.014019400767287872 0.0
-3.2395765231704883 -5.334301887287448 0.0 0.024686939613758535 -0.014992632905208138 0.0
4.14095924684573 5.048888530452369 0.0 -0.021613038130234553 0.017726418311280336 0.0
0.5098170609855869 -0.3867058806291748 0.0 0.052864857329830525 0.06969484443698222 0.0
-3.0724501892760645 1.8605684778199185 0.0 -0.018936936479916885 -0.031271514467558804 0.0
-2.2694221809906057 3.24586616727565 0.0 -0.02958493994214384 -0.020684992993512518 0.0
-6.688399499057975 4.093369592721217 0.0 -0.012921625974753756 -0.02111341151559768 0.0
-6.207351762513164 5.775028846022551 0.0 -0.016520995116668737 -0.017757768989596592 0.0
0.6424235781212085 -0.20701093331168172 0.0 0.025347164430027977 0.0786606572313169 0.0
-2.054215970492516 -4.737668775764048 0.0 0.029358400787612326 -0.012729571994257302 0.0
1.5032320946161868 -1.5108541029100737 0.0 0.03440981779084836 0.03423622596878704 0.0
-0.7578654641432286 1.3425655303032737 0.0 -0.050707028559739804 -0.028623635023662764 0.0
-0.0677479598436161 -0.5628724482445384 0.0 0.09676447928330888 -0.011646681370209777 0.0
6.494904722679092 4.022914851667565 0.0 -0.013212146895703514 0.021330711296080333 0.0
0.9540733450731108 -0.24316413093671413 0.0 0.01682745124650276 0.06602381131608573 0.0
-1.05872173927436 1.5449304416643668 0.0 -0.04333139015248877 -0.029694466178034718 0.0
7.576055344399359 4.277785625103454 0.0 -0.011516386470484894 0.020395781582854686 0.0
-3.359684878934644 2.3737374253320342 0.0 -0.01984478358792516 -0.028087444986362196 0.0
4.422575309199889 1.7853030244739345 0.0 -0.011704460333865735 0.0289944376783415 0.0
-0.5011346701371722 2.324382935211479 0.0 -0.04643569989085753 -0.010011491133786176 0.0
2.671178607758162 -1.535591661143958 0.0 0.01963051847137214 0.034147503093932795 0.0
-1.4879873761334528 0.8778846176398171 0.0 -0.02675654842855348 -0.04535152512140929 0.0
-0.05943558600929927 0.03472704901900606 0.0 -0.13302633612254391 -0.22767549980380422 0.0
6.69748870041132 -0.09212564004965469 0.0 0.00035632924197109047 0.02590496055648793 0.0
-0.08189252939868354 0.3053833769333477 0.0 -0.12564637689775232 -0.03369371220288463 0.0
0.1470323823604581 -4.878465963880906 0.0 0.03322910089860922 0.001001493892750632 0.0
-4.5384582618086435 -0.13572360521225604 0.0 0.00094068721764393 -0.03145561649366176 0.0
-7.243844160398729 -0.7730836649123126 0.0 0.002640318851902786 -0.024739959159680414 0.0
1.932777368620773 -5.910349027478847 0.0 0.027827851760634254 0.00910014651422887 0.0
0.8004027599174448 4.997131743738347 0.0 -0.03218925756808953 0.005155831768789443 0.0
3.8538694980556407 1.463442738821647 0.0 -0.01191882348777652 0.031387350576652186 0.0
0.33993475933585143 0.018039188743300818 0.0 -0.006092112439539862 0.11480121448094521 0.0
6.974780130209212 -4.22298013250767 0.0 0.012567261738635465 0.020756405361945878 0.0
-0.37356427759992605 0.2363629290553742 0.0 -0.05582285240226116 -0.08822628664553624 0.0
2.5914371339613305 0.2365177522938543 0.0 -0.0037821774865161267 0.04143991345568481 0.0
-1.382199148435866 -1.1423061058646764 0.0 0.03341896337995026 -0.040437201979596826 0.0
0.09672981410549293 0.7160352796538996 0.0 -0.08553659338831597 0.011555211052824385 0.0
-2.841266863935302 5.264023333085796 0.0 -0.02604277116374358 -0.014056636544051664 0.0
2.9343478944636465 -0.3724800641697892 0.0 0.0049201457218048875 0.038760246864249406 0.0
0.007776214537417889 0.6969985009531467 0.0 -0.08796702773458108 0.000981423172284663 0.0
0.5372910562416361 0.720129050176755 0.0 -0.06061029042181531 0.04522157098350126 0.0
-4.025398289691053 4.600016477457426 0.0 -0.02168610753090063 -0.018977153797760847 0.0
6.481417566225989 3.3707895150962868 0.0 -0.01175613533283777 0.022604918437041058 0.0
0.7967361805786041 -3.0176731233868717 0.0 0.04003677023075157 0.010570642376451547 0.0
-3.297492204708343 -4.029332771753294 0.0 0.024227521155578302 -0.019827119445178797 0.0
-6.040140667799378 1.7156127918905049 0.0 -0.007384858856399651 -0.025999798156870348 0.0
7.748957017490799 -3.6439365938016195 0.0 0.009978541904274232 0.02121971398870652 0.0
3.3383958927959116 -2.258642273373942 0.0 0.01943124383603243 0.02872043323497415 0.0
-6.6440931504674845 -0.5725547981833021 0.0 0.0022314692860865622 -0.0258946215213094 0.0
3.3516793789542128 -1.4435786072987598 0.0 0.01416760730222574 0.03289414030098861 0.0
-4.521242965020962 3.130771272357966 0.0 -0.016917822857831163 -0.024431547668390098 0.0
1.4909888255342427 -0.7078195914900086 0.0 0.02291324759708888 0.04826568314115547 0.0
2.997207093223914 0.9936760389141437 0.0 -0.01203155376953808 0.03629055837954066 0.0
-0.5895069298606791 -1.857040644704343 0.0 0.049869641165935834 -0.015830832319593664 0.0
-0.11747738656845676 -0.683911098042014 0.0 0.08674694790896206 -0.014900774036728492 0.0
-7.063155526392405 -4.976722096473983 0.0 0.01366616701053194 -0.01939555015809086 0.0
-7.794560858601566 -4.49669961834616 0.0 0.011518809863903905 -0.019966658243425355 0.0
1.4965152903644476 0.36495130132836684 0.0 -0.012897596981101178 0.05288774425771857 0.0
-1.1074482668907102 -1.563700539195101 0.0 0.04233473453038305 -0.02998242132031484 0.0
-5.777382520278295 2.4534168142374604 0.0 -0.010669810331512852 -0.02512560252552373 0.0
-0.9482358596801351 -3.7021440536865833 0.0 0.036259242253955236 -0.009287135576421378 0.0
1.0457259868524635 0.48253591663599776 0.0 -0.02677201731073781 0.058018881615027086 0.0
-2.4701179249237146 1.734144882072895 0.0 -0.023063377373049587 -0.03285150072948465 0.0
4.582820741323377 -2.3561671293652733 0.0 0.013865521180666971 0.026968884025275856 0.0
-3.7616391101532334 -5.946837829182106 0.0 0.02296070170669274 -0.014523663839061897 0.0
-2.340367169368003 4.295874812401063 0.0 -0.02873057110109525 -0.0156522450719681 0.0
3.824711551780228 0.7748874116399057 0.0 -0.006776145382168736 0.033445893081260544 0.0
-1.8924449715291667 1.939195877147436 0.0 -0.030835709192092452 -0.030092309648446294 0.0
2.841087522575807 -1.4620377248431995 0.0 0.017621800336098694 0.03424335515390448 0.0
3.373587532983682 5.175021255997018 0.0 -0.024268391999888693 0.015820523365292355 0.0
6.08486467956067 -1.4329088766248292 0.0 0.006191109925836959 0.026290622334434924 0.0
-6.944221629059929 1.3252483705430729 0.0 -0.004750108086157139 -0.024890280226300247 0.0
0.5164071898214405 5.963437318494123 0.0 -0.02989533815043407 0.002588803526977588 0.0
-1.0551720325037208 -1.7192130362180513 0.0 0.043285559582051554 -0.02656663887491681 0.0
-0.3202315286289284 1.22716649429123 0.0 -0.06285981793257321 -0.016403394062278632 0.0
4.198007199675643 -0.1774268855429875 0.0 0.0013815644132960541 0.03268849214189297 0.0
5.892560278705924 -6.194789384417333 0.0 0.017593783661000197 0.01673542461568388 0.0
-6.336054481722624 -0.04666361030088175 0.0 0.00019616640303747653 -0.0266357662665789 0.0
1.5164525211646098 6.360849905060488 0.0 -0.02784770819912397 0.006639007041122179 0.0
-0.36964541427578806 -0.30358361291390923 0.0 0.06444545032511455 -0.07846920640730422 0.0
-0.9797728969568138 0.6736530130899292 0.0 -0.036197856929016795 -0.05264680548862411 0.0
3.3055378614987387 0.5966353109067531 0.0 -0.006526580818844579 0.03615920748980599 0.0
-0.5028579556382973 -0.5781520806629761 0.0 0.061427442226935705 -0.05342759985038069 0.0
-7.1337934930333855 -4.032896126461325 0.0 0.011877637948293477 -0.02101036417778785 0.0
3.3175926496561066 0.08654662483647328 0.0 -0.0009598966454842191 0.0367957278692853 0.0
-2.6335326985717913 -1.5790192702314803 0.0 0.0203242044763375 -0.033897279197262375 0.0
-0.8180359814976258 -5.929512986819172 0.0 0.02970566099151495 -0.004098194843193238 0.0
-0.7449469937648605 -0.11648857872604516 0.0 0.011968892599310894 -0.07654132841229014 0.0
6.414601241406806 2.1354486303937263 0.0 -0.008253916026185332 0.02479365658085348 0.0
-0.19697312139136786 -0.184105233151188 0.0 0.0928931032584996 -0.09938579252405809 0.0
-0.09673238247622432 0.06660846574174732 0.0 -0.11529839763678368 -0.16744251012085515 0.0
-8.203301398110225 -1.8096516514183125 0.0 0.005015171008500872 -0.02273418716444841 0.0
-1.3481340431700786 1.4926674689915853 0.0 -0.037233532704395875 -0.0336282487754582 0.0
0.14672395145505632 -6.658007943958979 0.0 0.028453564149642792 0.0006270373060764317 0.0
-1.0619204304657548 -0.39570764281689624 0.0 0.022348311479221124 -0.0599738948109696 0.0
-5.280767356601429 6.47001434958298 0.0 -0.0191519771168693 -0.015631670983799233 0.0
1.6985199904203567 1.0438069405432167 0.0 -0.025708400464766776 0.041833628820683685 0.0
1.4095644526202504 -0.9803177263774605 0.0 0.030372632339615048 0.04367174205512759 0.0
-1.2282111971673144 -0.6899506050723098 0.0 0.028502757221670668 -0.0507390026364692 0.0
-4.354371954041592 -2.560152352625318 0.0 0.015605798114391126 -0.02654273663051996 0.0
-2.0271516877333227 -1.4800152804321416 0.0 0.025999463957724116 -0.03561102235827804 0.0
1.447177197302088 -6.075025102605719 0.0 0.02849722399670226 0.006788537011435288 0.0
3.0461208785499534 0.51058704421607 0.0 -0.006330770860926037 0.03776886529972693 0.0
-6.519170983127795 5.4137831217360555 0.0 -0.015420338406158267 -0.01856886772649317 0.0
-5.706958968758181 4.733043335258446 0.0 -0.01647173543048777 -0.019861115055880018 0.0
4.707184301000798 -0.7565127237341157 0.0 0.004889601255138099 0.03042414693666033 0.0
-5.386736412353192 1.0006304917290907 0.0 -0.005255620277737727 -0.028292802741470318 0.0
0.5505540687560045 -0.7075880351799595 0.0 0.059657017039857395 0.04641742345570686 0.0
-4.223138713824729 5.949946771319155 0.0 -0.021677386652804657 -0.015386122650591397 0.0
-4.26587344762664 -4.033486650705906 0.0 0.02003968655656603 -0.02119426049555771 0.0
-0.43264622718915724 2.1379239828769094 0.0 -0.04862634615587041 -0.009840389730799221 0.0
0.9374027196323693 -0.3742502908864857 0.0 0.025193331123199682 0.06310294924700348 0.0
-4.520208988171255 -3.4019244167265925 0.0 0.017684570889636153 -0.023497863707449197 0.0
1.0026879301710536 -0.00591368371232435 0.0 0.00039490188583467625 0.0669571410630254 0.0
-2.7774101605141848 6.1645626498361255 0.0 -0.025478527123408565 -0.011479211766851351 0.0
-1.8581359077896105 -4.70298439456945 0.0 0.030120531176106094 -0.011900537157777013 0.0
-0.5564008485819901 -3.0362605071621926 0.0 0.04103891045775374 -0.007520462934491781 0.0
-1.516064237186478 1.7375449775434535 0.0 -0.03535638785389764 -0.030849592887760548 0.0
9.535466522975806 -1.4237929894051413 0.0 0.003198574852707581 0.021421585621072783 0.0
-0.5558250965068615 4.88535340122563 0.0 -0.03288576880154066 -0.0037415380457906967 0.0
6.656623337009054 0.20540603308556188 0.0 -0.0008014368185039864 0.025972280117837088 0.0
0.4540529068976498 -1.826091628057558 0.0 0.051776354807261636 0.012874055193938081 0.0
-8.930048849436297 -1.721357313028779 0.0 0.0042290309840556685 -0.02193934576369118 0.0
1.2661989921652668 -0.03803433013691008 0.0 0.0017888465687573773 0.059552402115288026 0.0
-2.194501495811831 6.864477771829472 0.0 -0.025911197920393196 -0.008283538017696103 0.0
-2.088176937910507 1.434134493443198 0.0 -0.024779182433372005 -0.036079822034971495 0.0
-0.7957924537683327 -0.4763979846727226 0.0 0.03693558716284335 -0.06169854299422736 0.0
7.554363280739603 1.136336484954102 0.0 -0.0036194789243565793 0.02406229056587462 0.0
-3.039412855848784 -0.5954873817254354 0.0 0.007362407052797457 -0.037578285171090346 0.0
-4.716100129629709 -0.29057241253051774 0.0 0.0018978644272832428 -0.03080305729502134 0.0
0.11259219565821214 4.621139686250445 0.0 -0.03415044064820473 0.0008320616463331125 0.0
-0.23962399023360834 -1.412131298078712 0.0 0.06040313330764504 -0.010249783320774255 0.0
-0.0005578526372685314 0.036851827813466985 0.0 -0.38253352864804135 -0.0057906853054915264 0.0
-3.47008055331476 -1.328003585725602 0.0 0.01264274743411079 -0.03303556743606777 0.0
0.3166026912438005 0.0708748157109263 0.0 -0.02588334146757755 0.11562267195784731 0.0
-7.819976652526986 -1.969975244113329 0.0 0.0058146914822184885 -0.023081889870683204 0.0
6.650479987949014 -4.665502421508649 0.0 0.014050059150352304 0.020027775953592373 0.0
-1.8521252875775431 -2.099064953894103 0.0 0.03191928391957041 -0.028164213212711328 0.0
-7.77984226119107 1.3234402145466813 0.0 -0.004018242680315532 -0.02362123643851068 0.0
7.84674391969916 4.67240688950452 0.0 -0.0117219270528865 0.019685562923897677 0.0
-4.731348344762909 5.833881757404531 0.0 -0.02025093158441423 -0.016423749334688695 0.0
-2.639228091728166 -6.373174663193789 0.0 0.02559990783280158 -0.010601309311068449 0.0
-4.6954085317857555 -3.7957972945556198 0.0 0.01795482242640081 -0.02221014976973114 0.0
-0.12936471135435135 -0.544505935207541 0.0 0.09520852538879979 -0.02261981478806283 0.0
8.699463667316078 2.7152231130794107 0.0 -0.006696410542848594 0.02145502516471836 0.0
-2.982116587411466 3.0740012301632644 0.0 -0.024604030488717635 -0.023868594038814164 0.0
4.342863707459914 -0.8245714923692951 0.0 0.005977255689251062 0.0314810868957751 0.0
0.8311955452320269 -3.365229157898374 0.0 0.0381642218663784 0.009426380705197253 0.0
8.563743422546347 -2.3304704801455856 0.0 0.0059651471915998615 0.021920033084217774 0.0
-6.272669827769464 -3.6058003062453317 0.0 0.012809768233349075 -0.022283942501995436 0.0
-4.6902267475837744 2.2677860999476835 0.0 -0.0130989626583657 -0.027091225679214268 0.0
-0.1031300761592563 0.8897233976055638 0.0 -0.07702966072736167 -0.008928701660216747 0.0
9.743134053100302 -1.3741121461216101 0.0 0.0029931339215964596 0.021222798386075256 0.0
9.287365040985863 -1.3364204972459466 0.0 0.003126387061660899 0.021726618202052583 0.0
0.014236669658123147 -0.0020833821061517115 0.0 0.08117254204103862 0.5546878140769764 0.0
-6.020009254290201 -5.369520314037719 0.0 0.01652026461569037 -0.01852160715544326 0.0
-1.8133347898829093 -6.410190799217258 0.0 0.027257764195160072 -0.007710761451210472 0.0
-5.949230328939504 2.7789963940911226 0.0 -0.011330314504331676 -0.024255753202457347 0.0
4.177796467976054 1.2291672711972155 0.0 -0.009166333194474406 0.03115529947918905 0.0
-1.4349776579943323 -1.049025710103278 0.0 0.03092276746049228 -0.04229970724434573 0.0
6.1195831536892324 -5.854120084642517 0.0 0.016796370350293827 0.01755802469929349 0.0
-0.5541932196372454 2.605795544870304 0.0 -0.0438991470350974 -0.009336346315658602 0.0
-2.974221496501708 -4.727362904615217 0.0 0.025815839647955415 -0.016242041658411612 0.0
2.48197962298855 1.8501080510293488 0.0 -0.023750116026844546 0.03186154667531191 0.0
0.2194290397150278 -1.1236966388074119 0.0 0.06721972722232838 0.013126283095369833 0.0
0.8104372284179198 3.668984635362744 0.0 -0.03689423680540804 0.00814951982436228 0.0
4.601971957004695 -2.3667285118019565 0.0 0.013839666760869673 0.02691046227322489 0.0
5.346686542718083 -0.20443504910290228 0.0 0.0011077212941268482 0.028970758988636637 0.0
2.8690568498074307 1.4248618650784413 0.0 -0.017085553733218323 0.03440293138054076 0.0
-0.17009240496512468 0.8102826657398439 0.0 -0.07879529269912264 -0.016540500496684468 0.0
4.0451315818490965 -5.477059394336364 0.0 0.022104793640624208 0.016325694579541868 0.0
8.63957702381887 3.2585190232169783 0.0 -0.00791516148779935 0.020986112661173107 0.0
-4.501996683865693 -2.6692415307898663 0.0 0.015432155899657046 -0.026028185866190844 0.0
0.13708119672541172 -0.14917257831349184 0.0 0.11631736622472072 0.10688910751762859 0.0
-3.6854503053833776 -6.251088528602764 0.0 0.023093044727853358 -0.013614951756813858 0.0
-3.681919199199751 1.0057520960691713 0.0 -0.00912872655831492 -0.033419004256286175 0.0
1.6389254411146057 6.347776680503399 0.0 -0.027668524312205033 0.007143705693467258 0.0
1.439343416856855 -2.5212552707569524 0.0 0.036839292419415345 0.021030949797332776 0.0
-1.3578195314713046 -2.394803518214195 0.0 0.037901319711874305 -0.02148950917346963 0.0
-6.907189379422934 -1.6637737687658904 0.0 0.005934849235241584 -0.024638642810520913 0.0
0.5031444549752544 -0.5839883693296638 0.0 0.06151631853150376 0.053000361283129085 0.0
2.6952988016235664 -5.973382849977441 0.0 0.025872511130665132 0.011674146793677802 0.0
-1.6710616619671859 1.8329748751727224 0.0 -0.03337454464277918 -0.030426451989913554 0.0
0.9607658472504079 1.865350565174787 0.0 -0.044471902971923175 0.02290565984504585 0.0
0.5319834898589622 -0.5434624412153458 0.0 0.05810994317422975 0.056882551618840024 0.0
0.6101758313980334 -1.8039927406558722 0.0 0.050096933861821166 0.016944601594414136 0.0
-6.086856683532947 -3.203743355279478 0.0 0.012235618181254173 -0.023246698016866355 0.0
1.3726825852400144 1.4644758373975741 0.0 -0.036586344150211246 0.034293114430510606 0.0
2.372646888573579 -4.507767554664774 0.0 0.028395762579907086 0.014946005293500743 0.0
-2.7311559951038893 2.9052758763736124 0.0 -0.025919086842170903 -0.02436569621228978 0.0
3.6706151955601434 -1.256742738694283 0.0 0.011180841527383446 0.03265629913422332 0.0
0.5939237776305605 -3.39038952110111 0.0 0.038924765961937634 0.006818787015360766 0.0
3.429390685761804 -7.36211823091153 0.0 0.023098109546358075 0.01075946341154842 0.0
8.403874122199325 -3.5227597434814166 0.0 0.008754884416116064 0.02088559877624026 0.0
-0.022483457285011464 -0.13438106057050023 0.0 0.19593045715756927 -0.032781361046215915 0.0
1.575360760412067 -1.860670050928106 0.0 0.03487010283659587 0.029523230995686718 0.0
-0.9170074727106932 3.5334749368054177 0.0 -0.037065425550907194 -0.00961921983805357 0.0
-1.0424851465029805 3.2053456984118887 0.0 -0.03781964941042093 -0.01230020923354636 0.0
-5.764453479834088 4.725387929456919 0.0 -0.016305958201538972 -0.019891475345537014 0.0
-0.8898460807802046 -3.53437587451998 0.0 0.037172354177851655 -0.009358844348445932 0.0
4.090487780510013 0.675242822016961 0.0 -0.005383013329173301 0.032609232600998794 0.0
-0.18560040831933833 5.5023037350554205 0.0 -0.031282922653921075 -0.001055216777837792 0.0
3.5995048789504933 1.1230720515391466 0.0 -0.010407236018665568 0.0333557377500728 0.0
2.927133916781961 1.958150786800458 0.0 -0.020616717960819833 0.03081881885840348 0.0
5.46771754681791 2.76510279184888 0.0 -0.01254251150144236 0.02480157714923383 0.0
-6.740878586913587 0.17842006059001875 0.0 -0.0006832388506490557 -0.025813409786193744 0.0
-1.1375561480159777 -0.8013303670717205 0.0 0.034048797501222375 -0.04833514430709195 0.0
-5.910730825151411 2.644603415359238 0.0 -0.01099435177191876 -0.024572551613380886 0.0
4.808430499722527 -1.0564761970645495 0.0 0.006525731406388853 0.029701119641562683 0.0
5.207648510991129 6.099884829574775 0.0 -0.01915193291128167 0.016350560329348163 0.0
-2.4426172688562446 -0.743715913728389 0.0 0.012361808132039256 -0.0406004032725783 0.0
0.9250711687647196 -0.16789118910090747 0.0 0.012402565593405015 0.06833745064654058 0.0
-6.3731689061175105 1.0967593517438288 0.0 -0.004489415159016696 -0.02608758343624381 0.0
7.972516132626779 4.130679620897977 0.0 -0.010571229938998016 0.020403252966892462 0.0
-9.034712782192917 0.9055948507035076 0.0 -0.002222282826348358 -0.022170716895375506 0.0
7.8705666258161004 -0.06566682701576092 0.0 0.00019939194567848354 0.0238983313863627 0.0
0.11693627149576281 0.009464430255797776 0.0 -0.01580625107288763 0.1952916358232048 0.0
1.0427698508373784 -0.2092758518740788 0.0 0.012861092030036303 0.06408364318037152 0.0
5.596715105337611 3.0623961771907733 0.0 -0.01311337466563923 0.023965489057153642 0.0
-0.05722486555965217 0.7705905716149996 0.0 -0.08329775331769916 -0.006185778687943683 0.0
-0.2132578898869588 -1.3733967390131319 0.0 0.06147563122037838 -0.009545794759165643 0.0
-4.825613206721843 3.589655788352855 0.0 -0.01701493361843106 -0.0228733597931606 0.0
0.5954749210847723 1.668054191245221 0.0 -0.05161125863256309 0.01842458735610298 0.0
-0.05562738446790929 5.7839622670394935 0.0 -0.030537561995722086 -0.00029369567494051717 0.0
4.683951715010826 1.735136663116018 0.0 -0.010588195603469682 0.028582530707799245 0.0
0.15310067625661958 0.6135120533325926 0.0 -0.08929616915043309 0.022283676106760058 0.0
2.214774689107846 -0.1284219455419428 0.0 0.002607023168476914 0.04496092083867879 0.0
4.600228122876522 3.238892396917594 0.0 -0.01692689250231852 0.024041418293543438 0.0
-0.4106221352649426 -2.1494568141709025 0.0 0.04866444107367312 -0.009296626279441878 0.0
0.3996147933717529 -0.39360450431206817 0.0 0.06633839329861974 0.06735137184716714 0.0
0.01797902619955191 -0.015554105801024978 0.0 0.2987019426875443 0.34527025353540525 0.0
-0.2693003911236303 -0.21834394353954004 0.0 0.07507144642938496 -0.09259139300096485 0.0
0.08199577259522907 -2.1287801320752715 0.0 0.050279704008605756 0.0019366599274045129 0.0
-3.5339059917794784 -1.0696141791271008 0.0 0.010222993772544785 -0.03377582277022842 0.0
3.8889885627589074 -5.19559780229884 0.0 0.022523209489926477 0.016858984747470416 0.0
3.9281724711279784 1.0641009154581405 0.0 -0.0087708478495119 0.03237794702588996 0.0
0.15825217581439802 -2.8369475420941646 0.0 0.043497178503446546 0.002426383652789163 0.0
-5.298141396472334 -1.946700297790381 0.0 0.009887021197189158 -0.026908526367456217 0.0
7.4055013329767485 -1.6784185536648706 0.0 0.005414343532786119 0.02388911166507969 0.0
-4.06872841297554 -0.27930372202249215 0.0 0.002275265400953701 -0.03314469609243163 0.0
-9.595105644617098 -1.070475806092717 0.0 0.0023966672645960615 -0.02148229363794039 0.0
1.5618382581409413 -3.159458481088074 0.0 0.03463277655251464 0.017120274163797772 0.0
-2.4889745785667627 -1.9849374957108221 0.0 0.024507966192406697 -0.030731297563316697 0.0
-0.47623935008149476 -0.6559128318510247 0.0 0.06448725866128242 -0.04682233470980753 0.0
1.1278383111444306 6.3625865351758994 0.0 -0.028397738597101516 0.0050338109136287825 0.0
2.080992060166914 0.47196186592404116 0.0 -0.010220232886361869 0.04506343631796471 0.0
0.9240864450401897 0.42367003215538485 0.0 -0.028338408691249782 0.06181022342403641 0.0
-1.1333430419511685 -4.93166776828683 0.0 0.03172417494283126 -0.007290509949657314 0.0
-3.0186388812532994 -0.22594186279007197 0.0 0.0028786471372386794 -0.038459434062252086 0.0
-0.5200432150807006 4.231333460668771 0.0 -0.035275085123131024 -0.004335410775396334 0.0
-6.432228597143302 5.876845515547153 0.0 -0.016125499978263142 -0.017649417843130247 0.0
-4.085441292929279 6.531717636672634 0.0 -0.022020872159643986 -0.013773556272888114 0.0
0.3572527084808578 0.06839206678598958 0.0 -0.021005100436698725 0.10972221451363308 0.0
3.4542545194009913 -0.9588070917086164 0.0 0.009563419901203888 0.03445373600209266 0.0
-5.039546446021842 -3.2125606577972166 0.0 0.015268090746996307 -0.023951066036624884 0.0
-0.433999449483577 -0.48879110129701847 0.0 0.06585677124845854 -0.058474473841185724 0.0
2.164578979892782 0.2653629164660841 0.0 -0.0055361393673779785 0.045158574016180925 0.0
1.9674528193922993 -1.1382144053034058 0.0 0.022970019729727984 0.03970467239579825 0.0
8.035347161859107 -0.06613602777588105 0.0 0.0001946714271767909 0.02365204794519805 0.0
-1.0995318472866409 0.45119828939751416 0.0 -0.023790268263518932 -0.05797485989178007 0.0
1.834509332667528 -6.24422879917457 0.0 0.02748826379902462 0.0080758534160061 0.0
3.469984206963822 0.699642781992939 0.0 -0.007081562976539005 0.03512208275659457 0.0
2.887488901779788 0.03432489960758756 0.0 -0.000469008155526131 0.03945403655679017 0.0
-1.9044042068779015 -0.3772129835687799 0.0 0.009398529402542058 -0.04744958342454075 0.0
2.475462202203536 4.12840271474468 0.0 -0.028215555924017515 0.016918538967772446 0.0
2.2894726079954864 2.825253145694334 0.0 -0.029114961400229396 0.023593604951916362 0.0
3.341159269456917 1.5009934130320834 0.0 -0.014669633799354355 0.03265409596251415 0.0
0.09241208452693143 0.03510771230826774 0.0 -0.0769982640006073 0.20267826108326098 0.0
3.668545100721481 4.966458170000949 0.0 -0.023211427751200282 0.017145451877912454 0.0
-0.8370381740026724 -1.3533566201924563 0.0 0.04862129848630891 -0.03007180982114781 0.0
-0.4349468639096887 1.787432927074233 0.0 -0.052437664273743405 -0.012759973972252222 0.0
-1.634685717634918 2.896099913102724 0.0 -0.0345257468659948 -0.01948784468283583 0.0
-3.7533730069055764 5.823302803133631 0.0 -0.023001221478290233 -0.014825291890370934 0.0
-1.3908423887401316 6.0284676218595346 0.0 -0.02868435023183045 -0.006617836023740891 0.0
7.379439646129059 0.28862353732733703 0.0 -0.0009644528130845789 0.024658838955415093 0.0
2.1314158142473683 2.6571158773684735 0.0 -0.030214819912951548 0.02423693506768751 0.0
1.3706934610492139 -0.8609836169175196 0.0 0.02901200938456742 0.046187373109022295 0.0
7.3708442813788 1.7917473256782193 0.0 -0.005794208198151268 0.023836065359436415 0.0
8.139572030833307 0.9152974661837258 0.0 -0.0026224865692412954 0.0233212907484961 0.0
0.267207525612575 5.691711719962183 0.0 -0.0307314980538224 0.0014427448116406199 0.0
4.881907528061305 5.334234209974379 0.0 -0.01950924830556585 0.01785492395359533 0.0
-7.790607626493884 -4.310475462852028 0.0 0.011200281241375948 -0.02024300966562195 0.0
0.04415255104724966 -0.8489163646171769 0.0 0.0795420712332198 0.0041370216276988055 0.0
4.363103917743323 0.6614024789782623 0.0 -0.0047986169059143075 0.03165525513948394 0.0
2.833280458009302 3.1825584060298713 0.0 -0.02576127101456232 0.022934034957772208 0.0
-3.1981312322041635 3.130441736252901 0.0 -0.023404786117888023 -0.023910867466350773 0.0
4.011163428140029 2.3161122237859857 0.0 -0.016066673271424456 0.027825099136546707 0.0
-6.658132634699709 1.015349927357539 0.0 -0.003907135706989734 -0.025620948067245373 0.0
0.006613897358680119 0.019336022022430028 0.0 -0.4829800434467939 0.16520359926888986 0.0
1.287984405240506 -0.9418848130884082 0.0 0.032645400289952775 0.044641091874518236 0.0
-7.3370460881132225 -1.3503826758880153 0.0 0.004463525484139697 -0.024251712331147132 0.0
0.14778346114293614 -0.18911282206917435 0.0 0.11509385992020875 0.08994085535399131 0.0
7.41465391946623 -0.2528744621680964 0.0 0.0008391699362436668 0.024605705944047446 0.0
7.024023287427143 -0.6530676307648567 0.0 0.002339836630819081 0.025165949450595103 0.0
3.5359986118320883 0.17119002178644174 0.0 -0.001723770287747823 0.03560516717614231 0.0
-1.0993804611270388 0.4061672094764254 0.0 -0.02180567523275588 -0.059021833208731805 0.0
-2.931901660943188 -1.8081060111204157 0.0 0.019610850513429166 -0.03179962061914874 0.0
2.3618469525174155 -4.257026608456607 0.0 0.028665733152517223 0.015904075946684415 0.0
0.6667224691870699 -3.5308139057770953 0.0 0.037994689624659975 0.007174525182735269 0.0
0.3595720896930962 2.865364441481921 0.0 -0.04284442331518602 0.005376509389210361 0.0
1.4741184286653044 3.020170990814884 0.0 -0.03556368419165639 0.017358315942240285 0.0
1.080014859941647 3.07830594875392 0.0 -0.03811081418998143 0.013371070431227393 0.0
-1.9057879701319829 2.348638097925036 0.0 -0.031905774804574606 -0.025889745148057804 0.0
0.02353450692597315 -2.718251646537102 0.0 0.0445459705646787 0.00038567711496254856 0.0
-4.681571327685025 -5.913590882952165 0.0 0.02041954214341836 -0.01616539678094209 0.0
-0.03743174463159176 -0.49432299671908836 0.0 0.10398316224352479 -0.007873943152389644 0.0
3.807116910899648 3.3617029475184896 0.0 -0.020693636870681625 0.02343547187491502 0.0
5.211281290775021 4.287302226001563 0.0 -0.01717677319416656 0.020878629978490687 0.0
-0.1871166996730452 0.1542445333946043 0.0 -0.09072652251927192 -0.11006190685012786 0.0
2.562538685374817 -0.20043347100165823 0.0 0.003263901584591727 0.04172892897565631 0.0
0.7928898726165193 -0.36771880618372144 0.0 0.03086524085401756 0.06655285636055554 0.0
4.292126067869786 -2.517950303465904 0.0 0.01569562618017459 0.02675493880349298 0.0
-4.568613364282928 3.3944064132908203 0.0 -0.0174762424415695 -0.02352169571191602 0.0
1.20710168654135 -7.79473274836069 0.0 0.025807428587588603 0.003996569424387933 0.0
2.576220676170006 -0.8411069398628293 0.0 0.012804303307921625 0.03921821276519165 0.0
3.1491212845617174 -3.9434813666262065 0.0 0.02487138821971442 0.019861389147708457 0.0
1.2216005834360544 -4.891608021591977 0.0 0.03162189191613255 0.007897059912320497 0.0
1.0485907967704955 -1.6005938534665611 0.0 0.043533835567879875 0.028520151583571345 0.0
-5.744008923954263 -5.03427112682825 0.0 0.01679813038506239 -0.01916635167370028 0.0
0.29224751508858804 0.15800318476613312 0.0 -0.05690810903258153 0.10525897612620261 0.0
1.3968993333025173 0.17607480782639354 0.0 -0.007081920676477829 0.056184813680031025 0.0
2.0023514973184993 1.937732990486775 0.0 -0.02947308273385291 0.03045593569003395 0.0
-4.278370652098072 -2.496711693441527 0.0 0.015666473014607066 -0.02684610263317575 0.0
0.23511595866788154 -0.4353265859668944 0.0 0.09053979089552718 0.04889972361028798 0.0
5.14785634551027 -0.41925186690484306 0.0 0.0023970218703363026 0.02943224638839429 0.0
-4.653303719584749 -2.001047596456681 0.0 0.012008908703797908 -0.027925922221184004 0.0
-0.35283993961621596 6.5926809689729 0.0 -0.028539242491868913 -0.0015274187610343872 0.0
0.38563511097399117 0.7417570851900853 0.0 -0.07030004624140186 0.03654857725670712 0.0
0.47812226825708803 -2.848221327451165 0.0 0.042552043705826784 0.007143082407086386 0.0
3.798037927850993 -1.106452812701788 0.0 0.009528555746740304 0.03270796161238204 0.0
-5.630886760457107 -1.8162889096439698 0.0 0.008569113028747475 -0.026566095760554406 0.0
-1.6339718115708857 3.938670206449965 0.0 -0.03255056165375445 -0.01350372014035002 0.0
-3.664594269366091 -4.767464213760252 0.0 0.02315084213380916 -0.017795297376263116 0.0
-6.578005458881767 0.8086367918609707 0.0 -0.003184324798740819 -0.025903478693770632 0.0
1.5567240352991787 -5.794489055147098 0.0 0.02883888182987124 0.007747737560369529 0.0
2.9942381007058887 0.561468454561768 0.0 -0.00711318637926763 0.03793369600942063 0.0
-9.741532802375003 1.3609704939372802 0.0 -0.0029659051171048883 -0.021229308141298062 0.0
5.354641917494927 4.350151082551601 0.0 -0.016850749223857438 0.02074174584353458 0.0
5.255137210493444 -1.848211911805644 0.0 0.009563396412276234 0.027192206707375287 0.0
-8.35184373879663 0.275789906027814 0.0 -0.0007656060053054845 -0.023185118751774907 0.0
5.349671755281378 1.6379440235868743 0.0 -0.008394700481771029 0.027417842987718887 0.0
2.780683844214643 -1.2523848918917704 0.0 0.016112175449380206 0.035774039001354514 0.0
-6.111184925057912 1.1156598414651342 0.0 -0.004852758488278244 -0.026581672492188218 0.0
1.1432101451318797 6.861859311472658 0.0 -0.027424005800585776 0.004568936818475326 0.0
-4.509487105541333 -1.0613606633548693 0.0 0.0071880947159646685 -0.030540627285538028 0.0
6.578530871760804 2.0629540555116557 0.0 -0.007732858465051869 0.024659224961112162 0.0
7.951080665832014 4.62444433646077 0.0 -0.01146660366801317 0.019715209892065565 0.0
5.919519820215174 -2.5655929022388393 0.0 0.010713985427365678 0.024720075049881607 0.0
6.86346465296704 3.032301467318635 0.0 -0.010102035591196186 0.02286545877791652 0.0
-0.9549515197454644 -1.4605294560097 0.0 0.04561661262767033 -0.029825932900695032 0.0
1.1399765921211575 -0.1507880451350393 0.0 0.008218688991761584 0.062134322784949354 0.0
1.4909714618207863 3.0477532954649447 0.0 -0.035377380680518454 0.017306737086335056 0.0
0.7564104928852968 -7.471897964312961 0.0 0.02664881022777886 0.0026977669897897774 0.0
2.576265337507975 1.213633391366692 0.0 -0.01732925955963757 0.03678604350025159 0.0
-4.596905382129694 -0.6838821131960479 0.0 0.004590373393651325 -0.03085548189094335 0.0
2.1919825555884502 3.716845247431073 0.0 -0.029944622975474875 0.01765962444664069 0.0
-6.242005054181667 0.6722169641750143 0.0 -0.0028698032712161418 -0.02664813219259137 0.0
4.811660877025238 -5.281524416114734 0.0 0.019671194924003186 0.01792117418436401 0.0
0.6998499756972172 0.4945547865884105 0.0 -0.043484474206226406 0.061535362798462064 0.0
0.020332075409681433 0.8663489042812027 0.0 -0.07887502521282458 0.001851093655965589 0.0
-2.577871936780552 4.5831212877856755 0.0 -0.02748263307356417 -0.01545817884811151 0.0
-6.223989733822522 -0.12947872038885566 0.0 0.0005589456474077684 -0.026868291258848147 0.0
2.092510071835753 -3.220762800446376 0.0 0.03081198610124081 0.0200183606321999 0.0
-2.6932468485594807 -2.09651595820986 0.0 0.023293433946783928 -0.029923439086469623 0.0
-2.3332273775336714 0.5202502462778543 0.0 -0.009499024390217782 -0.042601390245722695 0.0
8.454148869297462 -0.7071742187632445 0.0 0.0019207115624899848 0.022961783749228554 0.0
2.628785725928942 -3.667362024662946 0.0 0.027464788569776674 0.0196869149193202 0.0
-0.33724376666262074 6.204412626639556 0.0 -0.029416535493284934 -0.001598949623260835 0.0
-0.27817112081839745 7.119563187767845 0.0 -0.027492634223636618 -0.0010741750125033943 0.0
1.5773048851116835 0.4882566682377532 0.0 -0.015611681272989772 0.05043327155278642 0.0
-5.817551508912324 -1.0409020674314295 0.0 0.004878501255042212 -0.027265708490266886 0.0
-0.10745626871995743 -1.186500195521727 0.0 0.0669842101079344 -0.006066474585102993 0.0
3.6414748544990894 4.458563289296024 0.0 -0.023061271816052106 0.018835000420994737 0.0
-6.149225301190968 -3.8685324934416 0.0 0.013710475939251126 -0.02179348517298056 0.0
-0.758599031222241 -1.689000680453655 0.0 0.048716741224444915 -0.02188067365801312 0.0
-1.3629205741736359 6.390363689607125 0.0 -0.02802705811889859 -0.005977539933436175 0.0
-4.098116596886689 -2.54924768724849 0.0 0.016677477094352314 -0.026810358999808204 0.0
-4.874049938237707 -0.8809173143611282 0.0 0.005381676069960357 -0.029776413164757622 0.0
6.465977826222538 -4.420931880525602 0.0 0.014046104249070402 0.020543586979788895 0.0
-1.2702823333311737 3.322363306632429 0.0 -0.03608649262858827 -0.01379741762933359 0.0
-1.7585790771285823 0.6711915637157874 0.0 -0.017719350395132477 -0.04642620758324216 0.0
6.13897249091919 -5.051039405893814 0.0 0.01582654091084199 0.01923538730755027 0.0
-7.694313073894131 2.761994850281583 0.0 -0.00804323562522165 -0.022406693850730616 0.0
-3.016528346256507 1.1645138820340455 0.0 -0.013658702408146896 -0.035381169450114436 0.0
1.1771403223993615 -1.8441146052300008 0.0 0.041059293577372535 0.026209081551702276 0.0
-1.7336439197559257 -2.196185673635357 0.0 0.033566397276161786 -0.02649693113133005 0.0
0.6575115294592715 6.979770518744099 0.0 -0.02760269264076557 0.0026002414558880934 0.0
-0.40860540617483576 -0.0878018641156277 0.0 0.021921179706429355 -0.1020150611606761 0.0
-1.4944669190469952 -4.431312698827445 0.0 0.03197950905743511 -0.010785137863628242 0.0
3.8660028596058273 -4.201234571651104 0.0 0.021896056264574703 0.02014889068659358 0.0
0.11039903542031741 4.552321842342436 0.0 -0.03440775362250418 0.0008344275608048398 0.0
-2.2998046849487137 -1.4640144996191338 0.0 0.02258216962703811 -0.03547408821297855 0.0
-3.9600710461171915 -0.5437963396016137 0.0 0.0045740894548272956 -0.03330974832541479 0.0
-3.3171449124964774 -1.2109981966800245 0.0 0.012427176504770994 -0.034040302811771166 0.0
-1.3422156886895953 3.092186308191326 0.0 -0.03632959262139351 -0.015769473220602275 0.0
5.453217281185051 6.563010503795551 0.0 -0.018798009815748324 0.015619300307357595 0.0
6.267581835211944 5.65377670910075 0.0 -0.016259557540602963 0.018024784623352295 0.0
6.719435188787229 -4.099866314278383 0.0 0.012866887846665325 0.021088058082761953 0.0
5.928471467808286 -0.9455122038111815 0.0 0.004324687258806722 0.02711629201366685 0.0
1.1080751839313427 -7.2161831301144055 0.0 0.02683057635114591 0.004119947524780817 0.0
-1.4964546042833533 -7.32913650372134 0.0 0.026247796136744404 -0.005359244620587761 0.0
6.252647340454142 -4.253234938882912 0.0 0.014242221911148859 0.02093737877980743 0.0
1.3313122073989965 -6.0787248049106015 0.0 0.028681505814076715 0.006281587017398657 0.0
-8.421355839859153 -3.853065020994369 0.0 0.009372420123097238 -0.020484597199164088 0.0
-2.25665490809039 0.464605990582131 0.0 -0.008957404014907322 -0.0435073377092323 0.0
-7.003479505822861 -3.9831840082091343 0.0 0.012036566829715326 -0.021163433308289317 0.0
-2.1935966961577424 4.657754561652147 0.0 -0.028947287289194882 -0.01363289390194561 0.0
2.791349257589321 -0.04077304152338574 0.0 0.0005861170815079752 0.04012596115473335 0.0
2.40251180797028 -5.105273455021109 0.0 0.027655671049698988 0.013014596933861778 0.0
-3.201502738977219 0.7948379561457014 0.0 -0.008965786588410896 -0.03611300907051925 0.0
-2.216853175688337 -4.020496957099405 0.0 0.029565759155204343 -0.01630220039319153 0.0
-2.8214336069570245 -1.027438647712149 0.0 0.013445938439212362 -0.036923686561669576 0.0
1.0651804821359623 -0.43643019045303044 0.0 0.02414059602831665 0.05891914051546174 0.0
-1.5151599649329668 3.024803853641701 0.0 -0.03524611087556966 -0.01765519309754801 0.0
1.2537312500001427 6.971314643869232 0.0 -0.027109990970765104 0.004875499759168162 0.0
-9.954467391032509 0.11421557291330743 0.0 -0.00024381052064588663 -0.021249325424321036 0.0
-1.9883650356647617 -3.419100981152866 0.0 0.03140106273897392 -0.01826116735863081 0.0
-1.8237794502805087 -4.503399270230979 0.0 0.03061196843730833 -0.01239718612952011 0.0
-7.879467991311088 3.2739215766252134 0.0 -0.008977307812277483 -0.021606018317611355 0.0
-5.225407323323874 -0.6565358835306556 0.0 0.0036501139735498176 -0.029051469640597995 0.0
-0.2967820757365048 -2.066030376496081 0.0 0.05026065012752239 -0.007219864839552913 0.0
0.4762145600671672 7.129695379899929 0.0 -0.027408061383926548 0.0018306697830368867 0.0
7.372955224741701 -5.227859723987982 0.0 0.01342199390601374 0.01892930669920606 0.0
8.127427615614739 1.1070378741271314 0.0 -0.0031676355489168966 0.02325550845021372 0.0
0.254662828475155 -0.7128197347702149 0.0 0.07894032882518948 0.02820231601172214 0.0
-2.4771022757578534 0.1135423661101995 0.0 -0.0019501827178260397 -0.04254625135944361 0.0
-3.0420669196374153 0.3193130437440262 0.0 -0.004008158696994879 -0.038185370812974316 0.0
-1.168555196607176 5.318042655968749 0.0 -0.030656745239554604 -0.006736331631438941 0.0
5.529438597751254 -5.86471105359505 0.0 0.018202767748887023 0.01716215609887529 0.0
4.9990101464462455 -0.5319973914519489 0.0 0.0031694503696953705 0.02978231625069168 0.0
-0.8787102155124648 -1.7276646312123747 0.0 0.046404956805945655 -0.02360209780250264 0.0
-3.997484490676935 2.679333634433858 0.0 -0.017661686523662457 -0.026350700431697727 0.0
1.8661824134067744 1.1086096483021217 0.0 -0.02399937475581857 0.04039944192318771 0.0
1.3453524943186248 0.6177835643594966 0.0 -0.023514899090137657 0.05120859467565593 0.0
-1.4181385711583594 6.110720186554007 0.0 -0.028476865711838405 -0.006608736845865734 0.0
-6.4986469477115865 -2.413047998694118 0.0 0.009006994857026739 -0.024256989362560356 0.0
0.9575614263072686 0.20760215307605495 0.0 -0.014440563672948912 0.06660685615473413 0.0
7.415820758072264 1.7379097005269255 0.0 -0.005582796457439637 0.02382230667371301 0.0
0.9392437775192107 -1.0436852575322275 0.0 0.0446421689542691 0.0401748315429892 0.0
4.4940905125666974 -1.351272237049949 0.0 0.009011901814201003 0.02997197850508806 0.0
-0.8572341821454483 -1.4958592159311965 0.0 0.04775470157005452 -0.027366855187987545 0.0
0.021419831055613122 -3.826264116091612 0.0 0.037547508775912904 0.00021019492385714573 0.0
4.403488993481498 -6.242896222840368 0.0 0.021233373242020525 0.014977171176358472 0.0
1.6039306980414343 0.28427555567666485 0.0 -0.00920670988632467 0.05194581215218381 0.0
-2.8532514160619993 -3.80183915301456 0.0 0.02629010852309891 -0.019730526819493863 0.0
-5.961171681204831 -4.241633165893413 0.0 0.014955291842442485 -0.021018098154309373 0.0
-0.774200046923936 -6.194257186542382 0.0 0.02914292803012127 -0.003642479730651139 0.0
-8.526447741379238 3.534577709179654 0.0 -0.008613887116288809 -0.020779245610141814 0.0
-0.08071019008696549 -0.43373074808469714 0.0 0.10849251424341273 -0.02018868038815807 0.0
6.6089555779966505 4.553468917196942 0.0 -0.013953537639718848 0.02025232017474153 0.0
0.0027105013933826872 -0.008948418183083564 0.0 0.7232052232579247 0.21906092509712752 0.0
-1.447858823530782 1.714848152638897 0.0 -0.03638978464372842 -0.030724161029493637 0.0
-1.304710114660486 -0.6127159125429312 0.0 0.024293341819447943 -0.051729958602172714 0.0
2.878650244737736 -4.538482416780563 0.0 0.02624988316925033 0.016649669574593615 0.0
3.9754888872386265 0.6254253929355431 0.0 -0.005211594545136505 0.03312727054739029 0.0
3.8206306213713472 3.4503444966971895 0.0 -0.02083400510780392 0.023069881270371167 0.0
2.755781147197716 6.133503535513684 0.0 -0.02556214202230093 0.01148506211159259 0.0
2.0543742959862965 2.930637915011696 0.0 -0.03109268124642016 0.021795938972449212 0.0
-4.325322741849692 -0.22917754716930622 0.0 0.0017052609392298487 -0.03218379816147483 0.0
1.8436718965475059 1.1547208949784467 0.0 -0.024970389681926615 0.03986868679921759 0.0
-3.245065708855271 6.893122398065293 0.0 -0.02379790178396058 -0.01120330534729969 0.0
0.9190541226577084 2.4576062587677963 0.0 -0.042145937573980864 0.015761026625991065 0.0
0.1744518070061708 -0.44185604006411044 0.0 0.09828253355756734 0.03880351069496421 0.0
-0.3982067820149852 -1.9015521198457952 0.0 0.05144413130839073 -0.010772990005412982 0.0
1.461920472842426 4.597817160719269 0.0 -0.031685949153267626 0.010074854251350775 0.0
-0.0854279984511032 -5.141750589314757 0.0 0.03238374179807695 -0.0005380420921069478 0.0
-5.443972629617753 -0.2153868451011501 0.0 0.0011358479000154367 -0.02870892545080424 0.0
-2.985497013894822 -3.043251866994967 0.0 0.02451473558439053 -0.02404949477806074 0.0
-0.09718146067329418 0.023480537394549878 0.0 -0.050177476877958746 -0.20767499542120063 0.0
4.085867870677405 -0.7937905598564419 0.0 0.006299088529019791 0.032423216824258 0.0
-3.5903741524440296 -2.859772488394513 0.0 0.020393899836425033 -0.025604040579235005 0.0
0.4716742506917373 1.4322605351969142 0.0 -0.05646715533164285 0.018595850772418855 0.0
6.8800166107727 -4.6106553309165825 0.0 0.013461458813285847 0.02008717928221879 0.0
-0.6407924724969202 0.7485312840188311 0.0 -0.05457190985623255 -0.046717177748277744 0.0
2.0472233345265014 -1.4231407041262487 0.0 0.02519599813951269 0.0362450706232634 0.0
-2.107018714129362 -1.3382490953641504 0.0 0.023559958495707228 -0.03709419541289383 0.0
1.173206993308066 -0.905677793696206 0.0 0.035150942200279124 0.0455342192309157 0.0
-0.2253256283853015 -0.07359077016856076 0.0 0.04330809486206351 -0.13260390761793758 0.0
0.41503758681992103 -7.985897687872882 0.0 0.02593396415912409 0.0013478221637653063 0.0
2.1445967310019145 4.313405255311378 0.0 -0.02958616079230022 0.014710044608012071 0.0
1.2121981512427003 0.18534291208318893 0.0 -0.009180260326963997 0.06004165182900366 0.0
-3.6569679447866648 5.7188765904366825 0.0 -0.023296565867583472 -0.014897120658947213 0.0
-0.732956485945373 -0.27576070581009665 0.0 0.027118440653927475 -0.07207929392126275 0.0
4.280537663327395 2.3188977265560524 0.0 -0.014890435642720365 0.0274867967923192 0.0
0.18584279196172146 0.22205385824216614 0.0 -0.10171411378603117 0.08512725262937479 0.0
-9.341123625638694 -2.0475355326052807 0.0 0.004671602041253983 -0.021312456610515864 0.0
1.10282969122671 -4.625752725452779 0.0 0.032655380673378906 0.007785397430942025 0.0
-2.740430424016168 1.4998042248508145 0.0 -0.018742712660086213 -0.03424653641537938 0.0
-2.850147608734888 2.7706739285110977 0.0 -0.024739131868265707 -0.02544874617360884 0.0
2.2752968980518875 -1.5882629930438763 0.0 0.023954877958425623 0.03431702416459416 0.0
7.9398578823371775 -4.399405397765766 0.0 0.011105538851835314 0.020042799473566745 0.0
5.82461236333696 -0.6868488140376331 0.0 0.0032484985678174604 0.02754790360510876 0.0
-6.648020405268127 1.0471237500876094 0.0 -0.004034826814614624 -0.02561646700596446 0.0
-4.651557638054222 0.7064536335820585 0.0 -0.004655936573808421 -0.030656445522661387 0.0
-0.5100587444764895 1.4964303537037387 0.0 -0.054934096135802093 -0.01872430349640266 0.0
4.862622340207341 -1.4179984272726764 0.0 0.00842869644739051 0.028903817420120423 0.0
-7.889692834280584 -4.073439352940437 0.0 0.010599704318573036 -0.02053017216209957 0.0
-2.7184316522295853 3.1562249260322774 0.0 -0.026466844697349456 -0.022795684732889576 0.0
1.828046522837085 3.0940841389546074 0.0 -0.03279525622745871 0.019376090442198766 0.0
-6.522140609994485 -4.456400051237827 0.0 0.013980287605763418 -0.020460775622607147 0.0
3.24113705253771 2.05056431209792 0.0 -0.018950586173722923 0.029953436062740348 0.0
-0.3720408650580739 -0.6264307137564136 0.0 0.07272713326444269 -0.043193069845898914 0.0
-1.8455314633101845 6.761729215992067 0.0 -0.02665007609781454 -0.007273813009518946 0.0
3.1340948167869036 -3.369531454267235 0.0 0.0242578935548591 0.022562940719894738 0.0
6.00670346259697 -0.139768951379112 0.0 0.0006363589380973121 0.027348129890133122 0.0
-2.7915701641144484 -4.444406925486967 0.0 0.02664501411354312 -0.016735962225966853 0.0
-7.5962819713757215 0.07809066631693334 0.0 -0.00025006824499308365 -0.024325428257264307 0.0
0.3531127660594293 -6.55686049628076 0.0 0.02861626318803275 0.001541098495894885 0.0
7.7231692628710205 0.8794756117176299 0.0 -0.002725831913148476 0.02393706086546983 0.0
-5.064955120178723 -3.3202008259827047 0.0 0.015487593991184309 -0.023626272203483522 0.0
-7.624912527006863 1.054570112435406 0.0 -0.0033195161322366303 -0.0240012682341619 0.0
7.659858141494904 2.1655423821956448 0.0 -0.006530085713386853 0.02309792254706694 0.0
-4.08752933144905 -6.65457418244274 0.0 0.021993543227444082 -0.013509392273642121 0.0
5.521536918859729 5.74059869919646 0.0 -0.018123015103364535 0.01743143916126494 0.0
-5.673650832715462 -1.036835853983372 0.0 0.0050413110666169 -0.027586467637284617 0.0
0.3307387488182329 -1.515547443935045 0.0 0.05745634071284129 0.012538728704987791 0.0
-7.579200904790412 -1.9098318473977987 0.0 0.005907794685177835 -0.023445185964526105 0.0
-1.958235544560996 7.456274431934424 0.0 -0.025484452547743827 -0.006692961916601957 0.0
3.8977091393615644 6.62821578594264 0.0 -0.022450438649098264 0.013201935895154586 0.0
5.730058555984614 0.7963503689768799 0.0 -0.0038474094608264425 0.027683645739636442 0.0
1.001988747712222 -1.022224127802815 0.0 0.042325772185453865 0.04148791474841466 0.0
8.49249602402377 -0.8004957454472571 0.0 0.002156994351664432 0.022883651861406264 0.0
-1.280219408086594 4.949914103297984 0.0 -0.03132724038855983 -0.008102310527066968 0.0
-3.3965149770417074 0.9813412561539019 0.0 -0.010001249523841719 -0.0346152712767762 0.0
-7.6907565582193484 -0.6946435683657317 0.0 0.00217291592310839 -0.024057470834173943 0.0
4.734390213361902 -5.626000852392094 0.0 0.02013464004068731 0.016943695043640773 0.0
2.9985162571367256 -1.7910958224829587 0.0 0.01900083065070091 0.03180974400702146 0.0
0.24539045551429556 1.420108304652507 0.0 -0.06018286094626177 0.010399417856633415 0.0
3.2937572028941733 -4.121833216171561 0.0 0.0243171867170311 0.019431865556592657 0.0
0.9678812549010559 -1.557726979245284 0.0 0.045226889338312044 0.028101367563939352 0.0
-8.657946269121878 -0.6239185373791432 0.0 0.0016368996008123504 -0.02271480640936337 0.0
0.9932348197176024 0.1375958018111968 0.0 -0.009212180237439381 0.06649809119826357 0.0
4.214843118587079 4.315129808630554 0.0 -0.02065707004497691 0.020176985024900906 0.0
6.532531888352842 -4.64938099869451 0.0 0.014288299073388864 0.020075526043884878 0.0
0.4085838809991047 -1.905075415413759 0.0 0.051311255314654435 0.011004788401431403 0.0
5.7203207119183315 0.03175818950446867 0.0 -0.00015563454925281652 0.028033069563228395 0.0
7.49103990060868 -2.7685032408316834 0.0 0.008355954418651746 0.022609613394920063 0.0
-0.1642827850379639 -3.2947534769961395 0.0 0.04038263727520772 -0.0020135564512090477 0.0
-0.45126596430055843 -0.6814330077717087 0.0 0.06637170123324464 -0.04395338854692357 0.0
-3.495718729231328 -3.796332880324052 0.0 0.023023048615304742 -0.02119995922002875 0.0
3.427841870824138 1.369734116698619 0.0 -0.013184099177544279 0.03299399981275937 0.0
2.0367871811554825 -6.703766025244256 0.0 0.026411617402399258 0.008024570600497622 0.0
-1.9694247338853645 3.7925973266274813 0.0 -0.031102359785616526 -0.016150872705081983 0.0
5.757928718270474 -2.8811686879348852 0.0 0.012127665055612405 0.024236772807401174 0.0
-1.0700315180834064 -0.728348831530967 0.0 0.03444094702239848 -0.05059786908581092 0.0
6.701829330741569 -5.63377967969786 0.0 0.015288492222313536 0.01818687833454825 0.0
4.726987884403546 -5.787402273947639 0.0 0.020240773769227092 0.016532096413755394 0.0
-2.0925066289850025 6.715085671833706 0.0 -0.026296172752341574 -0.00819422394445546 0.0
-1.019956263291113 2.1993605268502288 0.0 -0.04231378267725473 -0.019623070950997357 0.0
2.3690802230921135 5.3928040077274275 0.0 -0.027424646583896057 0.012047756186596188 0.0
-0.22507053310519823 2.807193884192697 0.0 -0.043610344767287604 -0.0034965178575464377 0.0
-0.6251853300529112 -7.7464464993697275 0.0 0.026250929081866166 -0.002118609579705658 0.0
1.5246985694733504 -1.0025654538825348 0.0 0.028279560914989572 0.04300747238540991 0.0
-1.852154603182638 0.8894336342121522 0.0 -0.0207376029754263 -0.04318393788192209 0.0
-0.16043641102677106 0.878310303075736 0.0 -0.07631579297721759 -0.013940212117574435 0.0
3.831133741559761 2.1544135558185684 0.0 -0.016149918035505664 0.02871895033437155 0.0
-3.4236980776902968 0.3105676601583563 0.0 -0.003270611572923017 -0.0360552240029712 0.0
3.1097306361062613 -4.232754436743731 0.0 0.025219408936135515 0.018528258552491322 0.0
6.491429486925045 -1.434216595978539 0.0 0.005645979915044117 0.025554355322529237 0.0
-0.8536685758275833 -1.7310857930193637 0.0 0.04682379544746028 -0.02309071158440752 0.0
-4.535880973153873 0.9934533291637951 0.0 -0.00669896683665101 -0.030585952376575385 0.0
-1.9407302167216784 1.3875466690762153 0.0 -0.026278442902178713 -0.03675506512700385 0.0
-0.8545068812253946 -2.632563595066739 0.0 0.04174437120481374 -0.013549854033454508 0.0
-2.368640248291579 6.9630113933042095 0.0 -0.02547512405005458 -0.008665992448785267 0.0
8.384523478437876 -3.3996715384798715 0.0 0.008531440897171599 0.021040875772141563 0.0
-2.033314152821747 -7.209057923808693 0.0 0.025712215264270127 -0.007252128051929797 0.0
1.674072105820752 -6.663124929371033 0.0 0.027078501737397124 0.0068033189991943245 0.0
1.0868867390915031 -2.375475165538446 0.0 0.04087008347522336 0.018699901560416506 0.0
-2.6326114388734974 1.3198779893691939 0.0 -0.01796132299701407 -0.035825420804115195 0.0
-6.860586792939464 2.88291147067001 0.0 -0.009708878230756791 -0.023104629622465366 0.0
0.5501942430355027 -0.4055831508906762 0.0 0.050156335608780446 0.06803962897153472 0.0
3.1161615779459475 -1.7281355125136797 0.0 0.017737594600033234 0.031984303532659186 0.0
-4.001368209743887 -0.7318293310350369 0.0 0.006007728090956278 -0.03284800318393755 0.0
-1.6942908275424264 0.027683415468613776 0.0 -0.0008415038041045403 -0.05150203298624174 0.0
-4.884780030837823 -2.5849455397303815 0.0 0.013710894941504643 -0.025909522961231474 0.0
-2.7374838956287766 6.299902098981809 0.0 -0.025445352070757692 -0.011056718091470243 0.0
-0.23572967564793404 5.598871689946141 0.0 -0.030996049508849512 -0.001305028781104053 0.0
4.47439656611092 -1.3891726156788278 0.0 0.009293649073022133 0.029933984466466144 0.0
-0.2974256559573149 -3.870977007482648 0.0 0.037153423181157524 -0.002854674992735673 0.0
-3.590313646930257 -4.273855930925098 0.0 0.023127589742290813 -0.01942866170839257 0.0
6.4212835268971356 0.1455452008353763 0.0 -0.0005995400171461251 0.026451002257164777 0.0
5.804571860767796 -4.391458371031253 0.0 0.015646858511604397 0.020681811587922618 0.0
1.5106977860114712 -0.17596822075942853 0.0 0.006302003540606464 0.05410308040362751 0.0
3.330997757008485 -6.592137806577556 0.0 0.02380757507649609 0.012029933461113636 0.0
1.7860502534328375 -5.722113786631151 0.0 0.02847978220574024 0.008889428648747916 0.0
-6.928532079431274 2.579276734735163 0.0 -0.008742001993619054 -0.023483033222280795 0.0
3.863436369771662 1.1919340425236473 0.0 -0.00994551086229719 0.032236555891972336 0.0
-0.23463000018460456 -0.010168426318263372 0.0 0.0059919835601042444 -0.13826122743184854 0.0
-4.002851422450912 -4.193013908157505 0.0 0.0213267753709411 -0.02035955878032731 0.0
-0.7530568788965681 -0.842274180383001 0.0 0.049924687112435535 -0.04463644966498038 0.0
1.4275187395380193 -1.5138200896506284 0.0 0.03582357195509587 0.03378130640008233 0.0
-9.278611496587361 -1.6319618474077398 0.0 0.0037997340049938976 -0.021603602853040024 0.0
-3.1172587377245544 -1.5571461882082462 0.0 0.016461696139344378 -0.03295475178678286 0.0
1.187603254170967 -0.9611526978065723 0.0 0.03571941194616415 0.04413501617499989 0.0
-2.0516665384034156 0.9675157570201754 0.0 -0.019434262188188833 -0.0412113447670024 0.0
-4.062941848613189 -2.9328784885937047 0.0 0.01825534191563527 -0.025289282497803444 0.0
3.0402001742432825 2.05739523176341 0.0 -0.020364751958755745 0.030092867669555348 0.0
-5.657284351591244 -3.5205799934563116 0.0 0.014198087717262966 -0.022815166709657775 0.0
2.13723425811282 -3.9242634483747776 0.0 0.030063665417574926 0.016373288006821515 0.0
-7.4546502506549706 3.164330255261916 0.0 -0.009389873464931817 -0.022121023070387 0.0
-0.5247172342961263 0.09542992379040277 0.0 -0.01650087951808157 -0.09072935951618259 0.0
-0.6616793652294178 -3.7964047058848576 0.0 0.036793436937872695 -0.006412766784300419 0.0
0.2060867989948026 5.289584987769042 0.0 -0.031895929122825364 0.0012426929426576007 0.0
0.09901709241935569 0.020328328220767307 0.0 -0.04264747817490011 0.2077312626024269 0.0
-2.5655107099313463 -6.286567194225663 0.0 0.02586384346322556 -0.010554880804557448 0.0
-0.019647516707844804 0.1591423419036023 0.0 -0.1818722291627609 -0.022453720477060787 0.0
-1.0918726541149848 5.921791785549908 0.0 -0.029376328288025257 -0.005416470334919194 0.0
8.365933211350448 -0.5371349200076853 0.0 0.0014846052513572247 0.023122883870400717 0.0
-7.172737757097505 -0.945580483711431 0.0 0.0032657377074477366 -0.024772381158974906 0.0
9.312180512328688 2.542295321390232 0.0 -0.005737209086212166 0.021014838912799677 0.0
0.30223323731325363 -1.1948024260106769 0.0 0.06390435351608195 0.016165032160223834 0.0
0.10681707346160486 1.3599675010017764 0.0 -0.06266889311308371 0.004922255682203234 0.0
4.893830111174146 2.7373294114683193 0.0 -0.014237284939989206 0.025453587518102682 0.0
-1.3270462670171368 -2.107781926120764 0.0 0.03864946984992984 -0.024333463557558832 0.0
-9.792297595993407 0.8409680423181178 0.0 -0.001831864589168293 -0.02133037441381459 0.0
0.12157730594880863 4.366401907849215 0.0 -0.03512733092055803 0.0009780790565377356 0.0
7.926124971870199 4.319638222906697 0.0 -0.010988560630323677 0.020162962804396754 0.0
1.4993224528398468 5.61102310220044 0.0 -0.029323701653617883 0.007835591386605499 0.0
-3.2485612582714416 0.9564961442560163 0.0 -0.010402054764876776 -0.035328644363622055 0.0
-2.6392634176290217 -2.8277066543771765 0.0 0.026412399646305942 -0.02465223188918335 0.0
-5.810210821217779 6.205273336722573 0.0 -0.01778767833023144 -0.016655214929377788 0.0
-2.777221705737616 -0.6988813802995133 0.0 0.009747567644878273 -0.03873498021924692 0.0
1.9766885935146215 3.4917394645648825 0.0 -0.031407423574239375 0.01777987635128944 0.0
-1.6633149536746439 -2.551128456267723 0.0 0.034562177334554856 -0.022534257830444188 0.0
6.637958588943508 -5.689767670230595 0.0 0.015487098897410876 0.018067999802831962 0.0
3.834392622783437 0.3890663784525108 0.0 -0.0034526320441455836 0.03402696190792399 0.0
2.4280932096716175 6.35350363864818 0.0 -0.026097744180717808 0.009973671069846193 0.0
-3.7034269135183466 4.539640483571587 0.0 -0.022871210160763697 -0.018658273834818502 0.0
-1.762934634949586 5.794683744199409 0.0 -0.028402742617507002 -0.008641054611148535 0.0
0.19352316907140976 -3.741787943524164 0.0 0.03788788423933558 0.0019595400749784875 0.0
0.09262033725077733 -0.6266649712104155 0.0 0.09117217198782099 0.013475138559424083 0.0
5.272612376000318 -2.943359880248527 0.0 0.013697804465092344 0.02453767676570356 0.0
6.6458468176597885 -4.699511032124342 0.0 0.01411630739515136 0.019962676103510806 0.0
5.16958362093744 0.5326367422426903 0.0 -0.003018804450167162 0.029299447076609152 0.0
-2.1653142823602374 -6.708094063751475 0.0 0.026173261443656164 -0.008448500614525204 0.0
6.512523785760231 -5.278751191713138 0.0 0.015263829738154551 0.018831358141595828 0.0
0.375806617004176 -0.7316496124344906 0.0 0.07107503212728196 0.03650718448184584 0.0
-4.26445140826367 2.586450698481268 0.0 -0.016089968742054813 -0.02652858989396701 0.0
-4.857542898839831 5.310793393059904 0.0 -0.019560752048715643 -0.017891336600360488 0.0
0.4999536181585617 -2.985707984388428 0.0 0.041565360669173476 0.006960075320586128 0.0
3.4196813412671885 -1.4530128958635002 0.0 0.01387473623153773 0.03265433964217941 0.0
-1.1591944035288249 0.25486309502038224 0.0 -0.013299341775014276 -0.060489426901846055 0.0
-0.1302116700619795 -0.9769802116440445 0.0 0.07325616132928812 -0.009763562245508202 0.0
-1.8429599990273287 -6.412951085947121 0.0 0.02719969201404011 -0.007816673430986519 0.0
-7.520210323756029 0.2997883750608256 0.0 -0.0009737296822393431 -0.024426070582083962 0.0
-1.795463608838648 3.846626081215627 0.0 -0.03193624728896023 -0.014906665893576816 0.0
-2.808042867795569 0.725295859745029 0.0 -0.009930074488930856 -0.038445104119473966 0.0
-4.809821678208518 -1.594159917236392 0.0 0.0094952458842857 -0.028648593532153942 0.0
-0.7351903361820242 -0.07830249059800481 0.0 0.008271257866620012 -0.07765971178142224 0.0
8.663754383389668 -1.7651889752959677 0.0 0.004526409135354496 0.02221614656349601 0.0
0.43757018248103796 0.3606731479497937 0.0 -0.059327086714366976 0.07197587152589346 0.0
-1.1300396192591171 -0.08122287419894657 0.0 0.004519198683113059 -0.06287481955775974 0.0
-0.785774084287324 6.545474204128354 0.0 -0.028377651955751496 -0.003406693355493019 0.0
-0.04526078083853827 -0.6293910068323816 0.0 0.09219449653318774 -0.006629892796067991 0.0
0.9554422399026566 -0.49025749153479814 0.0 0.030323712316908984 0.05909660967653942 0.0
-0.7682312578093182 -1.4754696015097213 0.0 0.04981952237688485 -0.025939480081387196 0.0
7.63156269626876 1.6567916534986433 0.0 -0.0051217335358719985 0.023591880433517308 0.0
0.7052078731467315 2.675201972342617 0.0 -0.04252933459611108 0.01121112420928945 0.0
0.15381223297597663 -5.524662215558914 0.0 0.03122872087506309 0.0008694394522889408 0.0
8.480180768711348 -0.6274244438368684 0.0 0.0016978373662134413 0.022947731671586345 0.0
3.772896427434569 1.7452956659685932 0.0 -0.014121668407499089 0.030527545173556686 0.0
-5.831282510667786 -2.7442077079096 0.0 0.011509455732636913 -0.024456927122384432 0.0
-6.313295400775475 3.418455696386673 0.0 -0.012256943356862325 -0.022636450782216464 0.0
-9.193453388425727 -2.7037329355195134 0.0 0.006176881972018955 -0.02100313819813422 0.0
5.860772498901248 2.4706774569101038 0.0 -0.010531541855008597 0.02498220506372946 0.0
-5.784408217984551 3.0620698015204804 0.0 -0.012602745734636293 -0.023807238476536846 0.0
4.302687270770474 -0.9771412555542698 0.0 0.007116586163702722 0.03133676377274232 0.0
-6.205422258300036 0.6049903311759102 0.0 -0.0026089818655469204 -0.026760484103106386 0.0
-3.804562573980935 6.9260819868187244 0.0 -0.022557879111458738 -0.012391257103103138 0.0
-1.9770624111246482 1.1737594144025203 0.0 -0.023307403523734893 -0.039258634130868005 0.0
1.790225292995162 -1.4951208037895678 0.0 0.029498284095725576 0.03532060697321247 0.0
-1.8978725657243707 0.29847927543239966 0.0 -0.007540473864056907 -0.0479459033074355 0.0
3.1173602337966346 1.770062863710577 0.0 -0.01802122055752732 0.03173821533815301 0.0
0.9966048513286305 -5.39533921355736 0.0 0.030773212226971505 0.005684301094415197 0.0
-1.187630588816889 1.8839037423202007 0.0 -0.040857390965053676 -0.025756882477226458 0.0
-0.10829288706999736 0.7507898782017755 0.0 -0.08336403482305688 -0.012024312355428978 0.0
3.871762520967135 -4.415215916097865 0.0 0.022103331560044 0.019382710234094814 0.0
-1.5874851637026612 -1.5572973994586312 0.0 0.03324239507955609 -0.033886789391084124 0.0
6.745017400129399 3.399096355975592 0.0 -0.01126366314977229 0.022351118055494147 0.0
-2.436089862661978 5.84066634862397 0.0 -0.02669600406058753 -0.01113466529052835 0.0
1.3453553672184952 5.874359891614316 0.0 -0.029075526454594037 0.006658923915477339 0.0
-6.284401621270267 0.46228141061211897 0.0 -0.0019609633543722135 -0.02665796417630221 0.0
4.965508480935206 -4.340838675196702 0.0 0.0180487952943356 0.02064611306952699 0.0
0.10413473645200678 2.4264360495480886 0.0 -0.047081239501452335 0.0020205735355072188 0.0
-5.393989401743345 0.39729328561052024 0.0 -0.0021193435360153325 -0.028773998922113315 0.0
-3.776175589063305 -5.001558284538312 0.0 0.02284190965664448 -0.017245637608514316 0.0
-0.21742478511696586 4.844182833670633 0.0 -0.03331665701203265 -0.0014953743986099474 0.0
3.3396122888356365 4.360859513758794 0.0 -0.024259438547078675 0.018578245604212344 0.0
-1.5214122196159123 4.199813628252862 0.0 -0.03243827601962751 -0.011750995136435549 0.0
-3.56279001215831 -0.09931119619524936 0.0 0.0009896834007156966 -0.03550490045791458 0.0
-2.89244475465688 0.20011622010851568 0.0 -0.0027196213775303336 -0.03930893049961016 0.0
0.042828471816536866 0.06900594519825241 0.0 -0.21498871572757727 0.13343253434118868 0.0
-4.220840467930835 5.652851368784444 0.0 -0.021623585174212985 -0.016145781555316836 0.0
0.1685833345956874 -4.10051409035806 0.0 0.03622149641461641 0.0014891646547393182 0.0
-1.9571007074432485 1.5903348411409182 0.0 -0.02787554767275201 -0.034304256348664665 0.0
9.681177823996729 1.8752352608647078 0.0 -0.004080561260110905 0.021066497631144945 0.0
-2.370362129468672 -1.8171839935367566 0.0 0.024646021066417226 -0.032148640526059535 0.0
-5.662789999815677 -2.3463623322576637 0.0 0.010565793177694464 -0.025499841658811 0.0
-7.2100845796875666 4.071581435111735 0.0 -0.011805907729665485 -0.02090627306059013 0.0
-5.94640134296657 4.59845956618181 0.0 -0.015626619200763497 -0.02020723419747329 0.0
5.306420212552012 0.7531070675179485 0.0 -0.00408075299207366 0.02875313629832015 0.0
4.2400623504625194 -1.3034304214932073 0.0 0.009463165623711321 0.03078370092921653 0.0
-3.75374670052522 0.40760769323876683 0.0 -0.003730979585043549 -0.03435939149185856 0.0
-2.8272914561724765 5.711864559557859 0.0 -0.025746871491466112 -0.01274433401422033 0.0
0.9902799984380883 -1.2617377979925446 0.0 0.04444098993658429 0.03487969015036818 0.0
0.24729471159651886 -0.7094091185414432 0.0 0.07947829249616645 0.027705538182865978 0.0
-2.08364035057625 3.392155744362552 0.0 -0.0308045341593443 -0.018921763973185693 0.0
-5.4335245320877315 3.9437982012794857 0.0 -0.01583173974336634 -0.021812005049675513 0.0
-0.9621057803683735 -2.038249726389061 0.0 0.04372992781649879 -0.02064163962964485 0.0
-0.02150151909201159 0.14099125248906763 0.0 -0.19199868929103023 -0.029280280943332928 0.0
5.3240631711042665 3.431426101920547 0.0 -0.014953805180273295 0.0232017246076205 0.0
4.750551755219237 2.8047247636025423 0.0 -0.014981629135082412 0.025375397082562024 0.0
-6.131266592219477 -3.8721483013358933 0.0 0.01376323187333095 -0.021793081570974728 0.0
-5.857393126247734 0.21332132032261214 0.0 -0.0010081282979243413 -0.02768126389667734 0.0
4.961492797973456 6.899667100368112 0.0 -0.01998877297309728 0.014373759154417388 0.0
-2.6195311723248986 1.4769417221809724 0.0 -0.019565674885337885 -0.034702043079961734 0.0
-5.96060720012806 -1.5892442954303512 0.0 0.007017506271735261 -0.026319804029198833 0.0
1.6048734239866993 4.906205578213877 0.0 -0.030541731081146987 0.009990533774682488 0.0
-0.3917863939067154 1.3497274702172186 0.0 -0.05921463116427156 -0.017188274909032228 0.0
-1.7155577797967403 -4.74483575236352 0.0 0.030529374318312034 -0.011038296867919564 0.0
5.87624132754366 0.2281586961703581 0.0 -0.0010729457718629855 0.027633784697502252 0.0
0.4047098258060637 0.09378671464168802 0.0 -0.023648425183702488 0.10204803604912485 0.0
-7.128926900344239 -0.29809870876408806 0.0 0.0010489392005120193 -0.025085016014858248 0.0
1.9501523073843665 -0.6020341256446683 0.0 0.014006307005672949 0.045370238598681036 0.0
5.179869597345281 -2.0603939168619303 0.0 0.010684852893262254 0.026861923926765664 0.0
-5.072256643005454 -2.0508693538866147 0.0 0.01094363395128715 -0.02706604392076023 0.0
-4.438528825722289 4.716742377541109 0.0 -0.020326641329506186 -0.019127689462269115 0.0
0.8068108671260076 -0.30521794992988 0.0 0.025966920160944106 0.06864076433399874 0.0
-2.0082137959891164 0.6476382838814909 0.0 -0.014346434003543242 -0.04448579925895005 0.0
-0.14690936028046475 0.5832374297412968 0.0 -0.09150277459970371 -0.02304827055817164 0.0
3.96256435947284 -1.7832125813887365 0.0 0.013488430651867184 0.0299733049913123 0.0
-1.595746097873947 -4.531662208466857 0.0 0.031390142336509795 -0.011053493142451118 0.0
4.111886659766793 -2.9600594120780084 0.0 0.018119847003528193 0.025170696529539575 0.0
-4.5563359423516365 1.9115672819705727 0.0 -0.011898189570660323 -0.02836005266517612 0.0
-0.020322937591309743 7.849902129302374 0.0 -0.026214715278514544 -6.786836495585098e-05 0.0
0.4038051579458853 0.17019729465237954 0.0 -0.04011610782092899 0.09517831225161555 0.0
2.6196844841476876 0.30824993630865344 0.0 -0.0048335628113176975 0.04107838480551466 0.0
6.480960651095669 1.4067233139519848 0.0 -0.00555678600185904 0.025600849198577295 0.0
-0.2690164164098166 2.830269902856788 0.0 -0.043341326634842435 -0.0041195817974758785 0.0
0.9315255930054083 0.4354586212480666 0.0 -0.02864993451155778 0.06128744714929322 0.0
-4.77217967449926 -0.3201768349149092 0.0 0.00205359034877566 -0.03060840464857348 0.0
1.9359807242265787 -1.8903721158027469 0.0 0.030058820285935192 0.030784043088706685 0.0
6.027808272786598 1.4876253351244042 0.0 -0.006498037202291999 0.02632983015281549 0.0
0.41766517080766874 -0.26986221682875366 0.0 0.05347010179061507 0.08275556118940601 0.0
0.06726291683252389 -4.175188434439048 0.0 0.035937701427648086 0.0005789618026197513 0.0
-0.32143188735710115 -0.7278732330182961 0.0 0.07454634031660873 -0.032919978062897114 0.0
-6.508681839366411 -4.276401568579426 0.0 0.01368091792733626 -0.020822352772893488 0.0
-7.803766569768179 0.38953093555361995 0.0 -0.0011962324413453075 -0.023965025325075065 0.0
-2.3395789899219297 2.587677782417614 0.0 -0.028257473597219692 -0.02554823169465987 0.0
5.552720383855611 -6.228372576821588 0.0 0.018396394549380555 0.016400758584022287 0.0
-3.784627929212181 -6.233010087814836 0.0 0.02283989143692474 -0.013868177624378553 0.0
-0.0869358426617173 3.8259463720194793 0.0 -0.03753432431758108 -0.0008528812994220624 0.0
-5.590953644593289 1.2125641201642932 0.0 -0.0059781877242953 -0.027564538558738652 0.0
0.1224637401681994 2.6269745685056356 0.0 -0.04523640136549079 0.0021088209110905827 0.0
7.981441924643016 1.4715699091570145 0.0 -0.004286776690655467 0.023250447693633377 0.0
4.3058337827880395 0.5012479981796608 0.0 -0.0037306270632606955 0.03204693105669752 0.0
-2.8184389376005843 3.1433932909749305 0.0 -0.025790952819074526 -0.02312476325243863 0.0
-9.344026614213607 1.1133620001923779 0.0 -0.0025910794000279023 -0.021745950435903064 0.0
1.6779183461555405 -2.4821005390541786 0.0 0.03442324488936878 0.023270368474311052 0.0
-6.482624637746449 5.906473697989968 0.0 -0.016046507922545715 -0.017611775304085187 0.0
-0.7496724763249835 1.3360851781799596 0.0 -0.05094854216395748 -0.02858703950389705 0.0
-9.086875163126212 1.3932853124012072 0.0 -0.0033621968349703433 -0.021927930081011238 0.0
7.479117724696223 2.89887530977619 0.0 -0.00870338125540626 0.02245478196063681 0.0
-1.0489743857731484 3.5004359833452208 0.0 -0.03661849702109368 -0.01097345176526525 0.0
-2.694277587100317 1.8136083282356954 0.0 -0.021566483188952705 -0.03203894213757691 0.0
0.3519984706343782 -1.7465541104057438 0.0 0.0538133154953903 0.010845472603045886 0.0
-0.31040622332608037 -0.926938065986581 0.0 0.07000299008515165 -0.023442088065223056 0.0
